"H_TT1"	"H_TT2"	"H_TT3"	"H_TT5"	"H_TT7"	"H_TT11"	"H_TT12"	"H_TT16"	"H_TT20"	"H_TT21"	"H_TT23"	"H_TT24"	"H_TT28"	"H_TT41"	"H_TT51"	"H_TT52"	"H_TT54"	"H_TT55"	"H_TT56"	"H_TT60"	"H_TT62"	"H_TT65"	"H_TT69"	"H_TT71"	"H_TT74"	"H_TT81"	"H_BP1"	"H_BP4"	"H_BP5"	"H_BP7"
"Lactobacillus iners"	1895	152	6528927	5191	38118	566	101679	5237781	366153	1451933	89	3387159	306809	1204401	518371	1992	3584974	22446	40148	40962	11070	811615	7049	5082	7864289	108	290644	11003	166	478
"Lactobacillus crispatus"	1494	1845901	4197	1952357	1000915	1376455	37390	13196	901	2007	1513	828066	128629	2666	143192	8973	3608	4476560	1318002	721437	2528906	2533333	2254335	2735510	45047	319611	1349723	178703	3245	3845912
"Lactobacillus delbrueckii"	8869	2380	5172	3662	1471	2644	15525	6282	1619	1295	68	5870	934	1759	857	4998	4363	9468	3569	2192	10965	8531	2463	7181	3679	362	4589	355	150	6799
"Lactobacillus acidophilus"	1839	20736	194964	48914	11713	28677	257715	135435	8332	25689	2006	72275	5429	14440	5533	41168	74535	75622	46171	19305	70101	65777	30421	51980	253365	5889	40564	3290	6781	87398
"Lactobacillus jensenii"	69	230	519	386	34	157	2967	206570	208	154	176552	361972	29951	274	119	1935	297	157044	21966	68835	30734	97775	31481	66223	439	29	170	13086	69	232
"Lactobacillus johnsonii"	801	484	5329	407	581	524	48552	6077	214	1930	40	4527	183	1176	229	2879	3474	1250	870	268	1154	1675	811	895	8182	100	660	54	524	1271
"Lactobacillus gasseri"	213136	584	102965	170	127	173	10921019	2492	304	6912	342	137762	1113	568	76	1449791	1332	720	424	214	2218	1093	514	755	1295	36	1326	1966	238790	497
"Lactobacillus kefiranofaciens"	22	3018	250	2405	646	1241	1843	1112	0	89	0	4700	0	303	896	262	420	4911	576	2519	9725	2066	343	5464	328	54	11839	57	0	2155
"Limosilactobacillus portuensis"	0	0	0	0	0	0	0	10095	0	0	0	19038	0	0	0	0	0	24	3202	0	10	0	2743	20720	0	0	0	0	0	63
"Limosilactobacillus reuteri"	28	493	532	266	44	214	2641	679	48	1062	20	1031	93	62	417	8212	212	1747	539	541	673	403	598	1238	2258	103	400	237	605	8408
"Streptococcus pyogenes"	4748	1128	571	518	70	1110	6534	3432	54	2319	108	1917	1397	67	39	786	3486	1506	2073	1286	1402	1184	770	1018	1376	63	249	0	906	1217
"Streptococcus constellatus"	26	8202	249	2744	1517	5813	62254	105	11	32	0	15335	106	7	12	1326	7035	6420	26409	5	11723	7213	9242	4966	1349	3739	46	1157	0	4390
"Streptococcus suis"	936	352	785	1137	0	566	17614	2146	0	1749	324	15713	538	103	431	3721	3045	1417	2986	1133	1755	2187	897	1112	761	408	581	0	0	1428
"Enterococcus faecium"	2541	836	1613	3050	238	983	36087	2019	164	614	126	2045	586	371	97	4839	1447	2874	2132	790	5124	1480	2054	1297	2524	304	1099	91	1815	3119
"Aerococcus christensenii"	0	21	448	0	72	17	197	72	91	9	10029	101	0	18	29	90	7571	50	22	37	393	34	36	43	103	0	6479	0	0	46
"Staphylococcus hominis"	869	326	138	750	69	87	282	578	105	117	50	312	138	20	121	4265	94	64	257	76	1355	328	563	510	120	145	88	44	62	14440
"Staphylococcus sp. T93"	0	1522	758	0	0	1081	9979	1729	0	1366	0	1979	0	260	0	4379	453	4142	1183	1405	3460	1030	1686	6814	681	1101	2341	0	0	6139
"Bacillus cereus"	1504	8278	9836	17458	1873	14576	100742	36389	4790	10126	3512	39061	5621	2259	1454	24309	6274	45053	27599	11774	14871	25923	20985	19603	7070	1769	8836	362	1908	11987
"Bacillus anthracis"	1315	10070	13551	11376	13819	7864	232017	15830	2734	5392	830	21646	4917	3455	2868	16011	7121	32464	10540	8544	38897	9056	13539	31417	8093	1610	17102	648	2160	15150
"Bacillus velezensis"	333	1705	1813	4369	1131	2768	25444	3615	300	752	140	3206	462	356	318	2705	1485	5247	2729	1210	4197	3549	2198	4138	2405	234	2248	324	480	3489
"Bacillus amyloliquefaciens"	157	885	736	2449	446	805	6533	916	162	311	308	1569	103	39	120	941	428	3044	746	492	1374	1163	1092	1903	556	78	3846	30	25	500641
"Bacillus subtilis"	1171	1735	1409	3909	3192	4122	24366	2585	193	382	167	2602	721	420	256	2027	844	4885	3659	547	4736	4727	3067	4241	1591	632	2429	113	410	3492
"Geobacillus thermoleovorans"	0	19855	0	18842	525	10249	539	902	0	0	0	11334	3289	0	616	0	0	106156	5634	17854	42112	25763	14349	64660	0	3541	49194	3352	0	21784
"Listeria monocytogenes"	1949	12447	2673	3271	295	4165	43260	5900	330	2541	707	4599	2371	734	364	12920	2806	12388	4161	1340	16219	6216	3245	15551	11294	149	8391	133	6244	5381
"[Ruminococcus] gnavus"	29	11	3412	13159	0	27	14140	2846	9	1502	14	10071	79	742	0	51	4774	18378	13033	47	14938	0	7031	16057	3211	0	767	0	0	25527
"Clostridioides difficile"	21323	22228	13580	30102	29000	26795	368857	24590	2087	9370	4817	22501	9800	4165	2183	27042	27113	57330	25091	13902	71502	74821	47009	49018	11547	4832	21232	2385	0	40830
"Anaerococcus vaginalis"	32	261	303	0	0	0	17796	0	0	588	0	1472	0	0	0	10865	6992	0	0	143	1932	180	918	587	0	0	0	0	0	2885
"Ezakiella coagulans"	31	19	113	32	12	15	25364	23	110	31	16	152	321	0	8	212	220	39	45	148	1729	68	7889	81	316	0	0	960	0	92
"Veillonella parvula"	117	15	93	74	0	57	127	187	36	57698	126	94	44982	42	31	432	20173	25	230	432	1976	4562	77	0	0	155	14415	45	85	450
"Veillonella rogosae"	0	31	0	10	0	0	0	232	0	4141	73	75	0	409	43	30862	405	39	4826	522	2913	13041	37	419	0	1625	32	13	42	9711
"Cutibacterium acnes"	6443	14443	1862	13638	5815	3804	45427	77413	10789	12574	4100	28345	26654	3488	2909	6162	3863	2717	159899	121030	149687	62321	40818	158359	17312	32207	19291	42701	29661	108852
"Micrococcus luteus"	670	1386	283	484	93	323	9023	17591	331	637	662	1566	1442	346	85	84	205	102	2299	341	6510	1483	1326	2135	301	339	627	1177	281	1135
"Curtobacterium flaccumfaciens"	718	4097	70	33	18	3585	72	72	0	0	0	73	0	1250	1369	1481	1521	1048	586	0	561	63	272	0	705	156	150	1186	341	909
"Corynebacterium kroppenstedtii"	298	669	74	278	148	113	216	6395	77	57	109	188	153	371	42	41	226	11	686	3224	9554	713	1302	667	253	286	25	169	212	722
"Corynebacterium accolens"	46	145	0	115	225	0	252	2857	740	94	6	76	827	208	125	30	0	8	111	423	4504	389	353	919	74	46	381	665	127	364
"Corynebacterium glucuronolyticum"	22	18	87	80	0	178	14937	65	3015	8790	13	1991	1273	247	151	13920	21937	1496	6830	60	94717	1941	61	366	56	532	185	124	112	75486
"Corynebacterium diphtheriae"	0	1038	1006	939	0	535	35095	8601	0	25689	913	3192	0	0	0	4737	311	2151	6850	511	5882	1136	7128	1023	29	5172	453	0	9	14883
"Mycobacterium tuberculosis"	676	1168	903	578	523	1322	21829	3108	421	463	244	1000	646	124	75	826	713	2632	1768	282	3978	5587	3053	4400	667	0	1115	0	0	6856
"Lawsonella clevelandensis"	197	919	551	242	7	930	1790	2981	487	15257	99	951	993	340	27	25136	5046	282	5274	270	61141	4445	11004	361	96	319	500	518	706	9071
"Streptomyces sp. T12"	870	742	105	38629	129	1232	5687	14736	6451	965	3107	18987	451	189	108	136	95	110	2758	1401	1332	9169	3344	553	569	1129	345	308	1199	917
"Gardnerella swidsinskii"	226624	3621	54525	0	0	0	434	148	5898	9725	664	144	292920	82	4267	267	473	0	0	870	3104	498	0	71	12	0	52125	56	75	0
"Gardnerella leopoldii"	26991	296	1995	0	0	0	993	0	183	253	107060	153	8549	0	92	32	127	0	160	158	0	25174	0	0	0	0	5326	0	0	0
"Gardnerella vaginalis"	93017	29	62937	2192	0	0	16714	801	6079	21650	950200	225781	93818	60	2369	180	230	98	73	29	919	659	384	0	112	1085	29174	0	48	30
"Salmonella enterica"	22217	20432	9682	26501	4805	18854	113901	21543	3093	10895	1654	54139	9506	2798	1063	30539	9723	13971	55036	1340	35302	32697	59448	19751	17159	10622	6059	3763	6627	25082
"Salmonella bongori"	0	4686	25409	18065	0	11876	114659	12266	0	0	0	15274	0	0	1924	15803	4088	11942	9262	0	6843	9352	9323	11276	33834	0	5578	0	0	11298
"Shigella flexneri"	1378	1388	508	1710	165	378	3247	768	0	167	0	3004	299	210	47	990	150	367	752	104	778	715	2429	186	436	771	0	0	2592	2044
"Pseudomonas aeruginosa"	378	180	1203	150	0	312	720	9816	4030	283	77	764	1168	107	191	254	581	240	25643	146	1297	1991	962	574	565	270	136	0	43	4297
"Stenotrophomonas maltophilia"	1959	1189	129	57715	292	1268	4532	14889	10440	1034	4952	36633	1050	260	263	2494	111	150	12690	880	3989	9362	7601	1014	6064	1151	592	1067	681	2666
"Pasteurella multocida"	756	1397	14	4082	0	1073	3250	16991	8721	1389	2030	49114	103	105	118	388	228	131	5520	452	1570	4509	3443	201	121	367	174	278	411	780
"Paracoccus yeei"	1100	510	155	553	87	231	104	987	665	303	400	2044	431	30	79	0	196	47	990	179	688	2624	380	557	156	446	215	336	759	560
"Prevotella intermedia"	26	20	1767	0	142	0	6798	85	52	614	92	21728	981	14	7	403	21615	0	4570	350	11811	1106	4215	45	0	31	2439	0	17	215
"Prevotella bivia"	99	9	16111	1315	145	104	443330	196	1696	255844	1656	120190	151663	6963	90	288532	276625	223	1079722	12167	116025	91646	4889	273	49	2356	16388	24	378	109975
"Hoylesella buccalis"	17	23	807	8	139	39	35725	89	42	11186	449	20342	958	62	32	10841	83965	26	2994	3528	99041	382	28120	383	6	14	823	35	10	4517
"Campylobacter ureolyticus"	0	15	154	0	113	51	39496	22	42	2675	60	2077	4128	69	260	23041	11880	29	95339	1779	75998	54611	13066	297	121	4236	150	221	224	980
"Fusarium musae"	80	96	33	31	0	43	459	322	1064	21	70	407	0	60	0	13	24	20	3635	46	1652	804	18142	85	1037	70	0	484	48	274
"Zymoseptoria tritici"	179	221	70	182	0	36	3975	1152	2924	167	272	432	281	178	27	117	35	20	5762	518	1758	1478	48366	416	1160	150	55	564	23	413
"Fulvia fulva"	61	87	41	0	0	17	1463	569	1307	55	96	379	323	89	0	76	49	17	5111	1909	2329	825	17699	45	279	61	48	590	70	208
"Ascochyta rabiei"	1825	463	119	104	78	342	4121	2805	1139	2407	1886	1305	1031	623	30	92	74	40	20159	129	9075	5502	46730	1356	82032	925	330	1190	396	4063
"Malassezia restricta"	1500	2135	360	2468	338	1255	13163	17515	3671	3371	1585	17181	51567	757	481	865	684	380	18302	6727	71420	24763	21103	5710	5944	3928	11207	25234	12150	45583
"Herbaspirillum huttiense"	0	14	0	0	628	0	350	1067	1120	774	820	1257	38	774	646	757	579	215	1416	961	438	6113	655	72	52	491	139	205	1670	3529
"Mobiluncus sp. Marseille-Q7826"	0	0	468	0	0	0	29464	0	0	0	15	1562	5	36	41	4551	236	0	39	328	7866	0	544	0	15	0	30	421	0	296
"Varibaculum prostatecancerukia"	12	0	384	0	38	0	20383	13	22	528	88	3353	1589	114	27	19902	19506	6	5601	27	25585	228	6674	125	0	24	221	152	15	2771
"Anaerococcus obesiensis"	72	210	3506	0	118	0	169747	215	154	9618	2111	17180	0	0	0	187823	125626	0	731	117	37086	1648	11603	4927	0	0	659	0	0	116222
"Ureaplasma parvum"	0	296	15171	37978	1167	0	0	0	28950	7042	0	0	0	36521	41389	44005	33441	0	2489	1484	0	76	0	0	0	0	0	0	0	0
"Prevotella sp. oral taxon 299"	0	17	302	0	14	0	2268	11	19	308	22	2526	14	8	0	217	8111	0	128	254	5712	36	4687	0	0	25	377	12	0	148
"Gardnerella piotii"	354	0	390	0	0	0	47118	0	0	60	1570	1337	29	0	34	161	272	0	0	512	0	61	0	0	9	0	13850	0	0	0
"Bifidobacterium animalis"	1167	246	1887	400	0	0	118249	266	0	258	4316	5420	985	0	0	5695	280	273	490	0	481	203	0	489	67	187	225	83	0	473
"Corynebacterium glutamicum"	1508	161	0	0	0	0	97831	105336	550	0	0	5385	0	0	0	20225	16021	19	9649	0	26380	3712	5154	33716	3415	0	0	0	1930	54702
"Streptomyces rimosus"	0	0	0	0	0	0	102671	3648	0	1444	2833	0	0	0	0	5069	0	0	2808	0	0	2272	0	0	0	0	0	0	0	0
"Lactobacillus sp. JM1"	1644	0	12435	1291	1071	0	51630	14210	4526	3968	0	6906	0	0	0	3650	3981	673	943	0	2094	2571	579	1139	23422	0	0	0	0	1560
"Lactobacillus paragasseri"	1258	54	2719	0	0	0	133809	5026	608	2370	0	4372	0	0	0	2135	3888	0	0	100	13553	0	71	410	3181	0	0	0	140	911
"Streptococcus anginosus"	22	90	39	39	0	13	481	333	28	16122	501	35728	43188	17	1328	159	42936	43	44672	2878	8391	30	76	83	21	27	245	0	0	138
"Dialister succinatiphilus"	0	0	2446	0	69	0	25487	0	54	7792	314	24358	15642	274	25	54793	37917	26	79207	2276	29715	974	12138	94	0	0	469	0	0	5579
"Dialister pneumosintes"	0	0	2009	0	71	15	13753	0	22	9508	397	16017	9439	217	0	27617	25697	26	48550	2085	18216	250	10679	69	0	0	555	21	55	2190
"Megasphaera hexanoica"	0	0	189	8	0	24	2243	28	0	3693	30	2220	3959	179	15	12660	5724	12	6072	459	3460	3064	4143	216	0	194	593	0	0	1742
"Burkholderia thailandensis"	0	1661	845	0	0	479	5661	3474	0	0	0	4044	0	0	0	0	4063	1676	4855	0	3406	3673	3584	14693	0	0	0	0	0	1561
"Fusobacterium polymorphum"	0	0	416	0	0	175	4667	260	170	2210	0	193	1546	0	0	43	2635	57	2085	5633	9376	264	0	204	0	0	0	0	0	215
"Fusobacterium vincentii"	0	194	17	0	0	12	477	165	839	864	0	119	2086	0	0	0	982	7	210	1086	6326	8	0	21	0	0	0	0	0	8
"Fannyhessea vaginae"	0	0	14033	0	0	0	9451	38	0	103	0	86322	0	21	0	360452	1656	8	2704	140	281	88	367	0	10	0	8143	0	0	93
"Veillonella atypica"	83	0	0	5	0	0	31	55	0	5621	1203	7065	31035	418	29	14746	2656	2774	1277	22393	1588	64246	55	463	0	835	1205	0	58	3444
"Veillonella rodentium"	0	0	17	0	0	0	46	0	0	3094	0	42	34177	218	24	12195	2118	9	1372	333	618	6552	640	225	0	617	1393	0	0	2660
"Dialister massiliensis"	0	0	0	0	0	0	27597	33	35	14244	0	25499	16680	0	0	13450	42743	0	7729	2462	35056	1359	6266	0	0	0	979	0	0	0
"Campylobacter jejuni"	0	0	0	0	0	0	27946	91	0	2092	0	2602	0	0	0	16164	8237	0	56355	1048	40248	31728	11755	0	0	3374	0	0	0	755
"Actinotignum schaalii"	0	0	0	0	0	0	85448	0	0	65	0	14504	0	0	0	1549	705	0	13042	5	14667	118	0	16	0	12	21	0	0	242
