H_TT1	H_TT2	H_TT3	H_TT5	H_TT7	H_TT11	H_TT12	H_TT16	H_TT20	H_TT21	H_TT23	H_TT24	H_TT28	H_TT41	H_TT51	H_TT52	H_TT54	H_TT55	H_TT56	H_TT60	H_TT62	H_TT65	H_TT69	H_TT71	H_TT74	H_TT81	H_BP1	H_BP4	H_BP5	H_BP7
Lactobacillus iners	1895	152	6528927	5191	38118	566	101679	5237781	1451933	366153	89	3387159	306809	1204401	518371	1992	3584974	22446	40148	40962	11070	811615	7049	5082	7864289	108	290644	11003	166	478
Lactobacillus crispatus	1494	1845901	4197	1952357	1000915	1376455	37390	13196	2007	901	1513	828066	128629	2666	143192	8973	3608	4476560	1318002	721437	2528906	2533333	2254335	2735510	45047	319611	1349723	178703	3245	3845912
Lactobacillus delbrueckii	8869	2380	5172	3662	1471	2644	15525	6282	1295	1619	68	5870	934	1759	857	4998	4363	9468	3569	2192	10965	8531	2463	7181	3679	362	4589	355	150	6799
Lactobacillus acidophilus	1839	20736	194964	48914	11713	28677	257715	135435	25689	8332	2006	72275	5429	14440	5533	41168	74535	75622	46171	19305	70101	65777	30421	51980	253365	5889	40564	3290	6781	87398
Lactobacillus jensenii	69	230	519	386	34	157	2967	206570	154	208	176552	361972	29951	274	119	1935	297	157044	21966	68835	30734	97775	31481	66223	439	29	170	13086	69	232
Lactobacillus sp. ESL0785	47	277	783	308	107	262	3379	264	100	35	0	370	54	147	79	518	1358	822	280	115	962	1020	280	506	931	73	336	18	90	849
Lactobacillus sp. IBH004	17	91	77	183	34	221	1179	756	56	0	34	292	0	0	30	256	100	695	240	157	80	1253	155	549	141	9	213	0	59	525
Lactobacillus sp. PV034	50	16	162	23	0	42	1929	1952	87	31	70	6262	29	111	21	295	504	38	41	6	534	1761	27	41	136	0	79	0	41	84
Lactobacillus johnsonii	801	484	5329	407	581	524	48552	6077	1930	214	40	4527	183	1176	229	2879	3474	1250	870	268	1154	1675	811	895	8182	100	660	54	524	1271
Lactobacillus amylovorus	0	2082	274	387	166	286	1075	743	264	45	0	387	75	0	28	146	448	1104	209	243	1196	971	265	664	478	41	604	0	0	488
Lactobacillus acetotolerans	26	4601	234	192	110	133	4660	104	53	0	6	334	16	23	9	101	122	342	157	733	699	184	154	177	326	10	112	45	0	385
Lactobacillus panisapium	398	239	139	79	21	45	835	203	33	14	0	102	10	27	9	115	68	142	51	30	137	130	70	145	158	6	80	7	8	129
Lactobacillus gasseri	213136	584	102965	170	127	173	10921019	2492	6912	304	342	137762	1113	568	76	1449791	1332	720	424	214	2218	1093	514	755	1295	36	1326	1966	238790	497
Lactobacillus amylolyticus	12	576	110	154	64	124	728	211	67	37	0	310	19	73	21	57	159	415	107	86	315	204	135	416	82	16	212	19	0	257
Lactobacillus intestinalis	16	226	37	120	62	161	1008	393	11	36	0	178	55	0	8	110	0	310	129	70	795	371	96	335	47	20	108	13	16	292
Lactobacillus apis	7	56	22	63	18	33	264	69	7	0	0	83	0	7	0	29	31	82	62	23	82	105	48	103	26	8	47	0	6	151
Lactobacillus kefiranofaciens	22	3018	250	2405	646	1241	1843	1112	89	0	0	4700	0	303	896	262	420	4911	576	2519	9725	2066	343	5464	328	54	11839	57	0	2155
Limosilactobacillus portuensis	0	0	0	0	0	0	0	10095	0	0	0	19038	0	0	0	0	0	24	3202	0	10	0	2743	20720	0	0	0	0	0	63
Limosilactobacillus vaginalis	0	22	21	0	21	32	103	530	0	0	0	506	0	8	37	37	15	162	117	0	27	12	300	719	113	0	22	0	0	74
Limosilactobacillus reuteri	28	493	532	266	44	214	2641	679	1062	48	20	1031	93	62	417	8212	212	1747	539	541	673	403	598	1238	2258	103	400	237	605	8408
Limosilactobacillus panis	0	0	0	0	0	0	0	11	0	0	0	0	0	0	0	0	0	63	0	70	0	0	0	20	29	0	0	0	0	225
Lactiplantibacillus plantarum	132	422	1167	1118	392	853	7822	3189	1220	295	217	2294	209	518	417	1606	1635	2815	2315	689	3072	3709	914	1782	1995	139	1339	109	89	2792
Lactiplantibacillus pentosus	0	237	470	653	193	314	138	172	34	22	16	374	27	47	34	47	220	970	529	171	536	744	512	437	423	54	255	18	7	1093
Lactiplantibacillus paraplantarum	0	107	64	69	44	40	479	539	204	43	11	672	47	8	37	113	359	607	141	177	699	353	64	528	105	24	504	0	0	287
Ligilactobacillus salivarius	34	244	370	8669	166	296	1082	483	96	16	14	432	30	57	24	84	229	641	240	76	393	319	159	635	226	52	252	7	38	435
Ligilactobacillus ruminis	0	64	52	22	69	79	296	56	25	5	0	57	41	5	5	21	51	109	45	18	113	95	30	46	71	7	18	0	0	104
Lacticaseibacillus rhamnosus	0	28	95	100	68	81	103	204	79	0	0	95	9	24	13	27	68	160	71	46	123	171	79	101	151	0	99	32	0	242
Lacticaseibacillus sp. NCIMB 15474	0	407	0	991	189	462	0	0	0	0	0	323	0	0	0	0	0	1164	1654	276	1542	1658	986	382	0	92	271	0	0	2731
Lentilactobacillus buchneri	0	28	141	37	9	21	171	90	37	8	0	120	8	14	9	24	50	48	58	13	62	44	29	33	303	0	16	0	0	101
Fructilactobacillus lindneri	0	17	120	8	9	0	467	100	29	0	0	52	0	11	10	34	53	52	27	11	128	61	11	57	270	0	25	0	0	56
Latilactobacillus sakei	24	80	125	51	24	126	568	225	63	7	12	229	18	25	12	55	103	159	208	39	86	59	154	175	184	57	66	18	28	162
Amylolactobacillus amylophilus	41	45	79	63	26	55	1896	81	16	0	0	114	9	24	12	321	88	83	67	24	100	94	53	43	81	7	34	0	78	138
Acetilactobacillus jinshanensis	233	57	143	39	14	44	179	79	45	9	0	121	0	21	17	70	52	350	46	26	48	65	36	47	137	11	20	0	0	112
Loigolactobacillus coryniformis	0	26	0	35	0	12	182	0	0	0	0	54	0	0	0	0	0	86	34	84	21	158	27	0	0	0	0	0	27	257
Bombilactobacillus folatiphilus	0	14	33	54	31	0	278	233	0	0	0	15	0	0	0	0	25	66	29	28	79	128	41	31	47	0	9	0	0	29
Schleiferilactobacillus harbinensis	10	26	76	47	26	24	603	68	10	7	6	124	0	11	8	184	79	127	49	10	62	58	87	65	37	11	18	0	9	109
Furfurilactobacillus rossiae	0	0	13	0	0	11	229	35	14	0	0	7	0	0	137	13	18	325	7	162	162	0	0	0	643	21	0	47	23	3726
Periweissella cryptocerci	23	31	81	6	12	16	304	72	9	0	0	53	8	12	10	27	42	83	20	33	112	79	25	47	119	0	58	0	0	78
Streptococcus mitis	206	75	51	206	41	40	778	619	339	174	136	373	252	21	51	140	333	91	514	127	1770	2435	167	82	88	219	103	172	257	448
Streptococcus pyogenes	4748	1128	571	518	70	1110	6534	3432	2319	54	108	1917	1397	67	39	786	3486	1506	2073	1286	1402	1184	770	1018	1376	63	249	0	906	1217
Streptococcus oralis	140	70	48	160	0	49	521	274	202	212	76	391	477	12	41	7	111	0	586	118	2413	1021	164	39	76	184	0	166	609	364
Streptococcus sanguinis	85	48	54	69	0	45	232	408	78	74	72	313	339	12	21	64	147	76	288	52	870	394	186	69	79	187	32	75	202	497
Streptococcus toyakuensis	0	0	6	0	0	0	100	18	35	46	0	95	0	0	0	0	29	0	30	0	341	174	19	0	0	0	38	60	0	30
Streptococcus gordonii	52	19	13	53	0	24	33	221	0	52	63	80	0	6	12	0	10	0	154	13	568	93	88	6	30	67	8	66	61	149
Streptococcus parasanguinis	261	320	8	0	0	13	9	68	0	54	50	29	44	9	0	11	22	0	11	0	420	65	23	0	10	18	62	41	103	91
Streptococcus equi	9	22	15	11	11	10	141	27	225	0	0	207	7	0	0	14	208	11	227	0	48	10	11	14	10	0	6	0	0	33
Streptococcus dysgalactiae	0	97	35	138	121	61	687	308	473	0	0	697	590	0	0	228	1720	467	1333	630	2987	422	280	292	23	55	243	0	0	131
Streptococcus constellatus	26	8202	249	2744	1517	5813	62254	105	32	11	0	15335	106	7	12	1326	7035	6420	26409	5	11723	7213	9242	4966	1349	3739	46	1157	0	4390
Streptococcus agalactiae	0	96	153	50	29	98	2389	793	1892	403	0	1692	1435	201	568	1541	2481	195	1927	309	2734	312	142	101	302	239	569	0	0	187
Streptococcus infantis	120	84	68	50	15	68	1539	165	104	0	88	301	55	14	12	452	231	174	247	67	436	219	96	69	87	17	85	0	161	284
Streptococcus pseudopneumoniae	119	0	0	7	0	0	37	0	90	0	48	26	0	0	0	9	0	6	22	0	230	109	18	0	0	12	0	0	43	47
Streptococcus suis	936	352	785	1137	0	566	17614	2146	1749	0	324	15713	538	103	431	3721	3045	1417	2986	1133	1755	2187	897	1112	761	408	581	0	0	1428
Streptococcus salivarius	42	55	6	53	0	34	100	115	106	0	99	111	246	0	29	15	132	25	102	54	145	156	57	40	20	53	39	20	90	278
Streptococcus gwangjuense	35	9	13	0	0	0	0	49	37	35	0	17	0	0	0	0	0	0	34	77	65	358	11	0	0	0	0	38	0	119
Lactococcus cremoris	169	70	89	232	31	37	952	369	207	128	33	319	78	37	40	163	235	128	292	78	667	128	28	123	105	59	75	0	0	105
Lactococcus lactis	42	38	0	25	52	17	78	0	0	0	100	61	282	0	0	0	27	24	64	0	50	231	9	0	19	0	0	12	46	89
Enterococcus faecium	2541	836	1613	3050	238	983	36087	2019	614	164	126	2045	586	371	97	4839	1447	2874	2132	790	5124	1480	2054	1297	2524	304	1099	91	1815	3119
Enterococcus faecalis	268	425	820	1606	126	554	11333	594	438	67	135	926	374	139	66	3637	327	1278	1384	320	1187	2809	841	1082	527	167	1739	73	260	41630
Aerococcus christensenii	0	21	448	0	72	17	197	72	9	91	10029	101	0	18	29	90	7571	50	22	37	393	34	36	43	103	0	6479	0	0	46
Abiotrophia defectiva	0	0	0	17	0	0	33	65	33	0	20	36	0	6	6	0	5	9	39	6	90	48	38	28	19	14	0	144	26	116
Dolosigranulum pigrum	24	44	96	49	0	25	3078	124	15	7	0	96	193	0	0	23	20	20	137	1318	985	132	1971	152	182	48	74	68	64	140
Granulicatella adiacens	37	88	8	96	0	26	265	96	12	0	45	38	47	10	16	0	9	11	66	28	230	84	254	33	0	103	0	5	0	174
Granulicatella elegans	49	24	10	21	0	17	3805	128	41	31	0	76	16	0	53	59	11	173	101	108	1277	88	37	18	280	86	0	46	0	1092
Staphylococcus epidermidis	295	745	390	728	314	182	1077	495	393	310	151	775	669	87	62	866	196	186	803	85	3640	1550	833	541	690	382	474	689	1772	2121
Staphylococcus capitis	135	286	99	422	141	94	189	148	33	73	88	221	307	31	18	31	58	76	223	59	1327	1379	157	60	51	97	104	384	346	446
Staphylococcus hominis	869	326	138	750	69	87	282	578	117	105	50	312	138	20	121	4265	94	64	257	76	1355	328	563	510	120	145	88	44	62	14440
Staphylococcus warneri	70	55	33	184	86	28	162	26	38	232	45	175	272	18	6	45	57	16	281	21	1797	120	62	55	25	153	6	90	396	356
Staphylococcus cohnii	10	5	47	26	0	0	31	27	5	19	17	14	43	11	0	20	11	0	14	0	43	69	11	7	52	0	34	29	28	44
Staphylococcus condimenti	9	23	16	49	11	26	102	105	18	0	0	75	15	9	0	53	38	136	63	23	95	93	38	152	91	5	70	0	0	145
Staphylococcus sp. T93	0	1522	758	0	0	1081	9979	1729	1366	0	0	1979	0	260	0	4379	453	4142	1183	1405	3460	1030	1686	6814	681	1101	2341	0	0	6139
Staphylococcus xylosus	22	17	13	36	0	0	44	22	0	14	81	15	11	7	0	0	0	8	51	0	43	149	14	27	0	24	23	5	89	99
Staphylococcus pseudintermedius	67	75	130	127	24	102	541	133	45	11	6	152	13	23	14	179	94	152	127	24	258	205	105	214	109	15	66	5	23	439
Staphylococcus nepalensis	0	14	32	37	24	28	260	50	0	0	0	37	18	9	6	38	28	69	18	10	69	62	17	36	20	0	27	0	0	120
Staphylococcus saprophyticus	0	0	41	83	0	56	16	23	0	30	38	29	95	7	0	33	0	6	0	13	0	145	6	29	18	11	14	0	55	102
Staphylococcus equorum	55	38	10	104	0	47	51	33	0	0	25	35	0	0	0	65	17	0	29	20	83	368	39	0	35	18	0	0	117	0
Abyssicoccus albus	16	139	21	184	17	31	218	65	22	0	0	23	1891	5	0	17	403	38	76	14	324	88	47	171	5	24	441	154	58	127
Jeotgalicoccus sp. ATCC 8456	0	31	9	57	14	21	2385	23	0	0	0	36	0	0	0	17	26	62	67	8	384	69	16	43	14	0	16	0	0	400
Bacillus cereus	1504	8278	9836	17458	1873	14576	100742	36389	10126	4790	3512	39061	5621	2259	1454	24309	6274	45053	27599	11774	14871	25923	20985	19603	7070	1769	8836	362	1908	11987
Bacillus anthracis	1315	10070	13551	11376	13819	7864	232017	15830	5392	2734	830	21646	4917	3455	2868	16011	7121	32464	10540	8544	38897	9056	13539	31417	8093	1610	17102	648	2160	15150
Bacillus velezensis	333	1705	1813	4369	1131	2768	25444	3615	752	300	140	3206	462	356	318	2705	1485	5247	2729	1210	4197	3549	2198	4138	2405	234	2248	324	480	3489
Bacillus amyloliquefaciens	157	885	736	2449	446	805	6533	916	311	162	308	1569	103	39	120	941	428	3044	746	492	1374	1163	1092	1903	556	78	3846	30	25	500641
Bacillus subtilis	1171	1735	1409	3909	3192	4122	24366	2585	382	193	167	2602	721	420	256	2027	844	4885	3659	547	4736	4727	3067	4241	1591	632	2429	113	410	3492
Bacillus halotolerans	8	16	112	49	0	42	359	65	13	0	0	90	12	15	0	78	29	93	37	13	42	46	28	44	112	0	42	0	11	72
Bacillus paralicheniformis	0	33	18	65	41	24	50	61	27	0	31	91	0	5	12	49	47	233	88	34	145	125	45	157	23	18	116	0	0	199
Bacillus altitudinis	20	195	175	236	70	171	1416	498	163	44	24	527	29	55	50	223	242	640	256	180	443	467	237	339	206	23	283	23	14	477
Heyndrickxia coagulans	89	629	1022	661	183	301	4080	590	199	79	100	947	107	123	123	1043	672	1702	816	237	904	933	566	530	1634	65	443	28	168	1744
Lysinibacillus timonensis	0	167	65	31	120	79	678	82	21	5	0	179	14	12	31	54	62	477	73	167	608	317	71	101	93	19	338	0	9	339
Geobacillus thermoleovorans	0	19855	0	18842	525	10249	539	902	0	0	0	11334	3289	0	616	0	0	106156	5634	17854	42112	25763	14349	64660	0	3541	49194	3352	0	21784
Priestia megaterium	772	54	90	46	7	437	1175	162	61	12	7	101	9	11	12	911	251	161	824	37	59	160	22	418	60	12	98	5	34	65
Neobacillus sp. PS2-9	21	37	34	34	33	23	695	193	47	7	18	147	0	18	13	49	52	150	40	32	129	70	52	67	63	0	33	0	7	117
Peribacillus frigoritolerans	25	17	23	24	29	30	793	75	16	15	0	41	0	6	0	42	36	50	44	12	132	75	52	37	39	0	44	0	18	101
Gemella morbillorum	68	0	6	26	0	0	80743	141	112	0	13	0	0	0	0	0	8	0	455	0	0	137	30	9	0	26	62	34	54	34
Gemella sanguinis	90	0	0	0	0	0	1242	130	65	0	0	49	21	0	0	0	0	0	240	23	177	66	16	0	22	0	340	44	0	105
Paenibacillus polymyxa	27	102	167	113	48	108	1350	270	229	20	0	302	252	27	23	822	407	301	208	108	513	430	270	122	141	57	102	0	0	567
Brevibacillus sp. NSP2.1	0	22	20	15	7	14	405	90	21	14	0	47	0	13	0	78	37	61	25	29	58	152	35	77	33	0	36	0	14	44
Listeria monocytogenes	1949	12447	2673	3271	295	4165	43260	5900	2541	330	707	4599	2371	734	364	12920	2806	12388	4161	1340	16219	6216	3245	15551	11294	149	8391	133	6244	5381
Listeria innocua	27	20	27	46	23	22	286	59	9	0	0	42	0	0	0	94	21	49	30	7	59	69	48	27	40	0	23	0	0	94
Brochothrix thermosphacta	12	30	8	38	7	22	5481	2021	7	16	6	50	21	0	0	13	5	5	52	8	455	51	197	28	8	15	28	52	88	84
Solibacillus silvestris	0	34	103	51	15	28	364	70	37	5	5	96	10	9	0	3517	60	56	37	27	82	55	42	68	89	27	30	5	10	147
Sporolactobacillus terrae	5	6	11	0	0	92	7343	22	119	0	0	61	0	6	0	21	112	23	10	0	555	27	62	7	45	17	13	0	0	19
Clostridium perfringens	14	49	124	73	55	158	2483	91	108	8	9	619	91	99	25	318	626	88	396	556	212	33797	425	28346	73	0	55	27	0	269
Clostridium intestinale	5	0	0	0	0	0	16	0	0	0	0	11	924	0	0	6	203	0	0	0	0	2198	0	3225	0	0	154	0	0	0
Clostridium butyricum	9	27	11	0	0	9	93	41	0	0	7	16	0	0	0	41	41	32	24	0	53	2331	52	2502	21	0	20	0	0	32
Clostridium beijerinckii	15	33	7	0	0	9	13637	21	19	0	0	37	0	0	0	0	56	17	25	46	634	102	0	833	16	0	17	0	0	104
Clostridium chauvoei	116	0	7	1093	0	6	488	355	0	0	0	208	0	8	0	9	11	962	20	8	599	351	324	1303	304	7	0	0	0	3084
Clostridium cellulovorans	0	0	9	0	0	0	18	0	0	0	0	57	0	0	0	0	297	0	0	0	0	20	52	16	0	0	0	0	0	0
Blautia wexlerae	29	39	13	11	0	19	0	65	0	24	0	0	0	82	0	0	8	0	379	0	0	380	27	62	0	0	0	0	0	0
Roseburia intestinalis	0	0	0	0	0	0	460	0	14	17	0	139	0	0	0	0	78	0	112	201	202	0	31	0	9	0	0	0	0	0
[Ruminococcus] gnavus	29	11	3412	13159	0	27	14140	2846	1502	9	14	10071	79	742	0	51	4774	18378	13033	47	14938	0	7031	16057	3211	0	767	0	0	25527
Enterocloster bolteae	0	0	0	0	0	0	35	0	18	0	35	273	0	0	0	106	360	0	157	247	103	0	162	10	0	0	6	0	37	0
Faecalibacterium prausnitzii	0	24	0	0	0	0	25	40	31	13	0	0	19	0	0	323	30	0	112	0	232	0	0	0	50	0	0	0	0	0
Dysosmobacter welbionis	0	0	0	0	0	0	35	0	80	0	0	225	0	0	0	25	65	0	182	0	0	0	61	0	0	0	0	0	0	0
Solibaculum mannosilyticum	0	147	0	26	15	51	34	0	0	0	0	13	0	0	0	0	10	85	44	0	24	0	74	55	9	17	0	0	0	110
Clostridioides difficile	21323	22228	13580	30102	29000	26795	368857	24590	9370	2087	4817	22501	9800	4165	2183	27042	27113	57330	25091	13902	71502	74821	47009	49018	11547	4832	21232	2385	0	40830
Fenollaria massiliensis	0	0	1323	0	0	0	564	33	37	0	0	0	22	0	0	534	188	46	0	0	848	16	14278	26	10	8	8	112	22	654
Fenollaria sporofastidiosus	0	0	282	0	0	0	162	0	0	66	0	0	0	0	0	0	0	0	0	0	0	0	3281	0	0	0	0	162	0	0
Aristaeella lactis	0	55	56	10	9	25	764	95	23	0	0	259	0	9	0	56	211	44	83	131	419	119	144	31	41	0	0	0	0	73
Parvimonas micra	0	11	16	11	0	0	657	72	194	10	17	154	31	0	5	523	594	7	128	21	1003	351	203	11	19	14	38	0	0	409
Peptoniphilus sp. GNH	0	0	56	0	0	0	1759	0	425	19	22	262	29	5	0	2210	575	14	161	13	1691	238	1212	34	30	18	14	12	0	947
Peptoniphilus equinus	0	0	42	0	0	6	1427	23	431	0	16	199	0	0	0	1829	1090	7	0	0	1190	659	1043	25	0	27	10	34	0	1286
Anaerococcus vaginalis	32	261	303	0	0	0	17796	0	588	0	0	1472	0	0	0	10865	6992	0	0	143	1932	180	918	587	0	0	0	0	0	2885
Ezakiella coagulans	31	19	113	32	12	15	25364	23	31	110	16	152	321	0	8	212	220	39	45	148	1729	68	7889	81	316	0	0	960	0	92
Veillonella parvula	117	15	93	74	0	57	127	187	57698	36	126	94	44982	42	31	432	20173	25	230	432	1976	4562	77	0	0	155	14415	45	85	450
Veillonella rogosae	0	31	0	10	0	0	0	232	4141	0	73	75	0	409	43	30862	405	39	4826	522	2913	13041	37	419	0	1625	32	13	42	9711
Veillonella sp. S12025-13	0	0	0	30	0	0	0	0	172	0	118	354	0	0	0	0	0	0	0	158	0	0	0	0	31	0	0	0	0	0
Sporomusa termitida	0	0	76	11	0	0	188	22	12	7	0	98	0	0	10	556	611	27	11	30	12	129	418	37	19	0	14	0	0	59
Cutibacterium acnes	6443	14443	1862	13638	5815	3804	45427	77413	12574	10789	4100	28345	26654	3488	2909	6162	3863	2717	159899	121030	149687	62321	40818	158359	17312	32207	19291	42701	29661	108852
Cutibacterium modestum	0	116	12	36	0	0	55	270	87	101	13	60	53	0	0	20	14	10	110	16	205	135	206	35	45	22	29	36	106	83
Arachnia propionica	7	0	13	0	0	0	5960	37	19	0	0	45	63	0	0	130	105	0	37	7	770	0	20	20	17	16	0	0	0	0
Propionibacterium freudenreichii	0	11	0	8	0	0	8710	23	52	0	12	98	213	18	0	154	95	81	12	0	264	23	44	0	0	5	0	0	0	81
Nocardioides sp. S5	106	114	0	0	0	27	0	519	27	0	0	59	143	43	0	0	0	0	140	20	0	2050	47	0	12	0	0	0	0	50
Nocardioides sp. zg-1228	47	0	0	0	0	0	0	24	0	0	0	23	15	0	0	0	0	13	48	0	11	231	0	0	19	0	0	67	0	56
Nocardioides okcheonensis	62	43	0	0	0	0	0	286	17	0	17	0	27	42	0	0	12	39	39	0	0	513	18	0	18	19	0	0	0	0
Micrococcus lylae	18	43	0	54	0	28	220	420	0	0	0	197	108	0	0	24	0	0	39	0	377	55	76	26	18	36	25	187	28	20
Micrococcus luteus	670	1386	283	484	93	323	9023	17591	637	331	662	1566	1442	346	85	84	205	102	2299	341	6510	1483	1326	2135	301	339	627	1177	281	1135
Micrococcus yunnanensis	0	497	0	0	0	0	0	2747	0	0	0	0	0	0	0	0	0	0	323	0	0	485	330	724	0	227	359	446	0	301
Kocuria rhizophila	420	308	159	494	111	429	941	6497	366	131	375	671	1258	361	0	110	132	55	1301	142	1128	1710	1028	1571	120	261	120	418	156	4980
Kocuria palustris	71	313	86	88	63	56	2680	808	101	17	68	753	208	63	33	98	71	10	364	73	937	869	259	183	27	91	0	179	33	299
Rothia dentocariosa	133	107	57	277	49	163	65	1867	112	179	73	479	371	13	53	149	40	16	484	121	2542	515	530	224	52	345	85	243	219	3192
Rothia mucilaginosa	145	302	40	113	0	112	228	3514	126	177	142	470	39	29	22	77	28	12	3571	115	940	375	719	170	99	344	119	623	54	644
Glutamicibacter protophormiae	0	0	0	0	0	0	0	316	0	0	89	0	0	0	0	0	0	0	146	0	667	68	0	0	0	104	0	0	0	0
Kytococcus sedentarius	22	310	0	0	0	16	238	49	0	16	21	57	126	0	0	0	6	0	34	0	139	51	70	16	33	41	10	1548	58	91
Microbacterium foliorum	28	0	0	0	0	0	0	0	0	0	0	0	0	0	0	0	0	0	0	0	198	0	87	0	0	0	0	0	0	0
Clavibacter phaseoli	20	13	0	0	0	0	0	0	0	0	0	0	0	0	0	0	0	0	0	0	0	0	0	0	0	0	0	0	0	0
Curtobacterium flaccumfaciens	718	4097	70	33	18	3585	72	72	0	0	0	73	0	1250	1369	1481	1521	1048	586	0	561	63	272	0	705	156	150	1186	341	909
Pseudoclavibacter sp. Marseille-Q3772	19	8	29	97	0	58	86	14	0	0	0	8	0	0	0	0	0	0	85	0	60	0	9	0	0	0	0	8	12	0
Brevibacterium luteolum	11	7	0	43	0	0	18	42	0	0	0	0	0	0	0	0	0	0	105	0	91	126	0	156	7	0	0	21	8	0
Dermabacter jinjuensis	0	0	0	0	0	0	4156	2224	0	28	0	0	0	0	0	131	0	0	30	0	577	0	29	332	0	15	0	0	79	181
Janibacter sp. YB324	0	17	0	0	0	0	0	52	0	0	0	0	0	0	0	0	0	0	78	0	194	0	0	34	0	0	33	0	0	110
Janibacter limosus	54	23	26	0	0	0	298	36	31	0	0	10	16	0	0	0	16	9	0	0	327	177	196	53	128	0	0	0	0	15
Dermacoccus sp. PAMC28757	9	438	0	0	0	0	0	88	0	0	10	0	0	0	0	0	0	0	0	0	245	0	17	0	10	0	17	0	0	51
Dermacoccus nishinomiyaensis	24	31	0	17	53	0	0	20	42	0	10	53	59	12	0	0	0	0	43	0	204	0	19	54	15	0	118	0	0	71
Corynebacterium kroppenstedtii	298	669	74	278	148	113	216	6395	57	77	109	188	153	371	42	41	226	11	686	3224	9554	713	1302	667	253	286	25	169	212	722
Corynebacterium afermentans	36	88	27	186	25	109	26	1272	19	36	0	0	60	0	46	0	30	0	223	0	29	73	48	71	30	17	34	28	57	442
Corynebacterium sp. FDAARGOS 1242	0	38	37	21	0	18	353	335	9	159	13	31	0	0	0	201	20	0	13	28	0	58	412	1784	6	14	0	0	0	22
Corynebacterium sp. Z-1	0	82	21	0	0	0	0	1210	0	0	0	0	114	0	0	0	0	0	89	0	1185	0	0	258	12	0	78	0	0	0
Corynebacterium kefirresidentii	0	180	0	32	0	46	106	3837	0	888	0	170	109	0	56	72	44	16	31	131	207	64	166	1370	6	0	214	50	21	1001
Corynebacterium accolens	46	145	0	115	225	0	252	2857	94	740	6	76	827	208	125	30	0	8	111	423	4504	389	353	919	74	46	381	665	127	364
Corynebacterium matruchotii	17	62	32	17	64	7	101	331	37	62	26	105	90	6	30	59	20	10	99	16	5499	253	125	147	19	133	22	1510	104	190
Corynebacterium singulare	0	64	254	469	25	171	33	252	0	11	0	11	35	0	0	0	11	0	10	0	28	67	37	203	0	0	0	12	39	17
Corynebacterium minutissimum	8	14	38	70	0	20	17	133	26	117	0	0	125	0	0	309	0	0	13	0	108	0	344	1080	6	14	44	0	0	0
Corynebacterium simulans	19	319	10	0	0	0	783	101	8856	908	5	323	49	0	0	463	0	0	17	0	642	0	865	1548	12	0	0	11	0	5005
Corynebacterium ihumii	0	45	9	81	0	47	0	48	0	0	0	29	0	0	0	0	0	0	13	0	137	47	0	0	0	10	0	0	0	290
Corynebacterium durum	30	39	9	10	0	27	226	484	25	59	20	122	149	0	0	7	8	6	56	11	171	124	98	227	15	87	135	69	44	282
Corynebacterium genitalium	10	0	36	44	53	21	37	3114	0	104	0	16	0	9	0	0	0	0	10	0	41	0	19	27	0	0	9	0	19	43
Corynebacterium glaucum	0	0	0	0	0	0	705	806	0	50	0	130	0	0	0	0	47	0	31	0	237	88	95	3967	0	0	0	0	11	906
Corynebacterium urealyticum	11	8	0	0	0	0	581	20	64	129	0	110	0	7	0	305	530	16	224	0	2963	12	12	0	0	7	0	0	0	1891
Corynebacterium glucuronolyticum	22	18	87	80	0	178	14937	65	8790	3015	13	1991	1273	247	151	13920	21937	1496	6830	60	94717	1941	61	366	56	532	185	124	112	75486
Corynebacterium coyleae	0	8	0	0	0	0	7308	132	0	167	0	0	0	0	0	14	42	0	71	0	7472	14	13	687	22	0	0	0	0	722
Corynebacterium stationis	0	0	0	0	0	0	74	46	497	73	0	43	0	0	0	204	345	29	554	0	1105	74	26	45	0	0	0	0	0	1954
Corynebacterium hadale	0	0	13	39	112	21	31	1108	55	71	0	16	0	0	0	92	78	0	46	0	901	8	0	936	10	0	0	37	0	1665
Corynebacterium diphtheriae	0	1038	1006	939	0	535	35095	8601	25689	0	913	3192	0	0	0	4737	311	2151	6850	511	5882	1136	7128	1023	29	5172	453	0	9	14883
Corynebacterium propinquum	60	19	5	0	0	0	16	46	0	30	0	0	41	0	0	7	0	0	5	0	150	32	60	494	16	0	13	21	0	37
Corynebacterium fournieri	0	0	0	0	0	6	130	969	12	78	0	0	0	0	0	0	0	0	102	0	81	0	20	13	0	0	0	0	0	953
Corynebacterium gottingense	0	23	35	14	0	50	0	384	0	0	0	0	0	0	0	0	0	0	0	0	1374	26	21	87	0	35	0	0	0	194
Mycobacterium tuberculosis	676	1168	903	578	523	1322	21829	3108	463	421	244	1000	646	124	75	826	713	2632	1768	282	3978	5587	3053	4400	667	0	1115	0	0	6856
Lawsonella clevelandensis	197	919	551	242	7	930	1790	2981	15257	487	99	951	993	340	27	25136	5046	282	5274	270	61141	4445	11004	361	96	319	500	518	706	9071
Streptomyces sp. T12	870	742	105	38629	129	1232	5687	14736	965	6451	3107	18987	451	189	108	136	95	110	2758	1401	1332	9169	3344	553	569	1129	345	308	1199	917
Streptomyces sp. HUAS CX7	0	69	91	276	130	81	296	189	0	21	19	87	0	0	0	63	101	274	225	12	932	189	80	53	65	0	147	0	0	708
Actinomyces sp. oral taxon 169	0	0	0	0	0	34	0	194	0	26	48	277	52	0	33	0	89	0	168	32	241	36	73	24	0	88	95	0	91	127
Actinomyces sp. HMT 175	0	0	0	0	0	0	0	226	0	0	67	195	0	0	0	0	0	0	89	0	320	215	46	0	0	181	0	92	32	0
Actinomyces oris	74	135	45	156	0	120	4163	1559	131	249	177	1139	0	85	43	44	155	34	558	49	394	823	270	110	70	534	68	271	116	879
Schaalia odontolytica	45	82	9	31	6	24	17	283	0	21	112	119	22	9	7	29	68	0	190	19	350	231	318	33	36	325	16	0	29	269
Gardnerella swidsinskii	226624	3621	54525	0	0	0	434	148	9725	5898	664	144	292920	82	4267	267	473	0	0	870	3104	498	0	71	12	0	52125	56	75	0
Gardnerella leopoldii	26991	296	1995	0	0	0	993	0	253	183	107060	153	8549	0	92	32	127	0	160	158	0	25174	0	0	0	0	5326	0	0	0
Gardnerella vaginalis	93017	29	62937	2192	0	0	16714	801	21650	6079	950200	225781	93818	60	2369	180	230	98	73	29	919	659	384	0	112	1085	29174	0	48	30
Blastococcus sp. PRF04-17	0	0	0	0	0	0	0	340	0	12	0	25	0	0	0	0	0	86	228	0	0	359	0	0	28	11	0	0	0	140
Blastococcus saxobsidens	48	0	0	0	0	37	0	405	0	0	34	0	41	0	0	0	15	582	275	0	0	644	0	0	61	0	0	53	47	0
Thermomonospora amylolytica	0	49	6	22	0	8	20	32	58	0	0	0	0	0	0	69	28	0	55	0	380	34	52	28	0	0	8	25	33	133
Nakamurella multipartita	13	9	0	0	0	19	2247	64	0	0	0	68	0	0	0	98	73	0	37	0	0	119	0	23	0	15	0	0	0	15
Arabiibacter massiliensis	0	0	104	0	0	0	79	0	24	0	0	78	0	0	0	44	158	0	172	10	0	0	22	0	0	0	0	0	0	28
Eggerthella lenta	0	15	56	40	0	7	293	77	22	0	0	121	0	0	0	11	35	92	19	32	112	62	16	106	14	0	0	0	0	36
Iamia majanohamensis	0	0	0	0	0	0	0	0	0	0	0	27	20	0	0	0	0	0	0	0	132	109	17	32	0	0	0	0	0	0
Aquihabitans sp. G128	22	26	7	0	0	14	0	71	16	0	0	21	18	0	0	17	117	0	56	0	10	1072	33	13	19	12	0	0	8	0
Mycoplasma mycoides	55	59	0	212	0	0	6	18	0	0	0	8	9	9	0	0	0	0	48	11	25	25	84	7	32	51	0	29	110	153
Mycoplasma capricolum	0	18	109	51	288	46	2758	154	33	0	0	100	15	0	0	69	47	219	127	21	113	157	29	116	105	0	27	0	0	195
Mycoplasmopsis felis	0	101	12	28	98	161	90	41	9	0	0	82	0	0	7	7	20	192	112	18	362	342	166	49	8	24	23	0	0	291
Mycoplasmoides fastidiosum	0	17	14	56	0	44	101	18	5	0	0	72	0	0	0	0	14	90	59	0	71	15	43	92	15	0	0	0	0	68
Crinalium epipsammum	9	70	23	82	49	41	0	24	0	0	0	40	0	0	11	0	79	185	100	33	314	238	69	29	20	15	23	0	0	182
Planktothrix agardhii	0	388	151	167	31	156	1927	496	126	36	0	592	0	0	0	165	809	286	422	66	2376	1068	97	229	193	0	152	0	0	285
Gloeocapsa sp. PCC 7428	11	8	0	0	0	6	37	40	0	0	0	20	0	0	11	8	386	0	30	0	529	426	0	20	0	6	0	0	0	88
Enterobacter asburiae	28	46	83	95	24	94	1025	262	42	77	36	243	30	21	14	173	50	93	117	0	1240	225	91	171	193	0	103	0	70	172
Enterobacter ludwigii	36	31	0	258	0	31	79	63	15	0	0	95	170	0	0	119	18	25	103	0	90	175	97	46	17	48	0	0	35	36
Enterobacter bugandensis	18	51	58	25	166	97	2948	84	35	11	11	92	0	24	7	44	56	102	99	36	145	145	79	46	79	0	84	0	12	87
Salmonella enterica	22217	20432	9682	26501	4805	18854	113901	21543	10895	3093	1654	54139	9506	2798	1063	30539	9723	13971	55036	1340	35302	32697	59448	19751	17159	10622	6059	3763	6627	25082
Salmonella bongori	0	4686	25409	18065	0	11876	114659	12266	0	0	0	15274	0	0	1924	15803	4088	11942	9262	0	6843	9352	9323	11276	33834	0	5578	0	0	11298
Shigella flexneri	1378	1388	508	1710	165	378	3247	768	167	0	0	3004	299	210	47	990	150	367	752	104	778	715	2429	186	436	771	0	0	2592	2044
Shigella boydii	0	0	0	0	0	0	0	0	0	0	0	0	0	0	0	55	0	0	0	0	0	0	0	0	0	0	0	0	449	0
Citrobacter freundii	26	43	0	35	0	0	0	28	0	0	106	0	0	20	0	0	13	0	174	31	81	82	142	0	0	0	0	86	66	75
Citrobacter sp. S171	15	16	85	24	0	13	145	31	0	22	0	76	0	0	0	42	26	33	51	8	17	54	25	17	87	0	5	0	0	57
Pantoea agglomerans	204	242	0	16	105	0	33	40	7	11	28	52	0	14	9	0	27	0	1168	15	140	112	906	26	0	7	0	35	137	163
Pantoea sp. Lij88	77	129	0	0	0	0	0	0	0	0	0	0	0	0	0	0	0	0	0	0	0	0	0	0	0	0	0	0	0	0
Pantoea sp. SM3640	90	86	0	0	0	0	0	0	0	0	0	0	0	0	0	0	0	0	0	0	0	0	0	0	0	0	0	0	0	0
Pantoea alfalfae	88	219	0	0	0	0	0	0	0	0	0	0	0	0	0	0	0	0	0	0	0	0	0	0	0	0	0	0	0	0
Pantoea piersonii	19	25	0	0	0	0	0	0	0	0	0	0	0	0	0	0	0	0	197	0	0	0	0	0	0	0	0	0	0	58
Serratia sp. CMO1	36	145	55	45	0	87	432	349	75	0	0	245	39	59	56	178	63	105	167	0	139	178	79	125	121	37	0	0	0	64
Acinetobacter pittii	71	232	1091	300	18	276	379	630	76	46	24	508	153	112	53	211	415	472	3629	103	448	520	4240	194	2499	223	186	38	217	4649
Acinetobacter lwoffii	243	146	31	1707	13	285	22	89	109	84	46	48	608	56	38	12	19	8	386	43	1056	82	864	43	61	437	40	94	795	1849
Acinetobacter sp. KCTC 92772	6	22	5	5	0	0	94	0	15	0	12	0	0	0	0	0	0	0	0	21	0	39	0	0	14	10	28	27	11	10
Acinetobacter sp. SCLZS86	101	23	23	0	0	0	108	15	9	91	0	0	0	0	0	0	0	16	0	0	0	93	67	21	0	0	0	0	0	73
Acinetobacter sp. WY4	0	0	12	76	0	0	0	0	20	0	0	0	0	0	0	0	0	0	0	0	0	0	0	0	0	0	0	75	106	721
Acinetobacter sp. NEB 394	45	23	0	48	0	70	0	0	20	0	13	0	0	0	0	0	0	0	100	0	0	0	209	0	0	32	41	0	0	571
Acinetobacter towneri	142	12	35	86	0	16	109	56	15	70	0	50	28	0	0	0	0	10	0	22	0	156	127	43	24	0	0	0	39	67
Acinetobacter ursingii	166	86	0	73	10	0	12	44	10	13	40	61	181	21	0	0	11	15	40	10	706	58	270	0	0	0	0	37	0	186
Acinetobacter junii	60	58	0	18	0	46	28	36	17	68	0	0	0	0	0	0	0	0	0	0	567	113	55	33	0	16	0	0	22	45
Acinetobacter radioresistens	0	13	0	53	0	0	7	58	0	7	0	0	0	0	0	0	0	0	18	0	155	0	10	52	0	0	0	0	8	0
Acinetobacter variabilis	0	0	0	18	0	0	0	49	23	74	0	16	0	0	0	0	0	0	0	0	121	18	137	0	0	0	0	0	0	167
Psychrobacter sp. van23A	12	0	13	0	0	88	32	85	20	0	10	77	0	0	0	185	0	0	41	29	184	20	0	0	0	268	136	44	0	0
Pseudomonas sp. CBS	0	26	7	13	93	0	10	0	36	0	7	0	0	0	0	21	0	0	0	0	0	67	14	0	56	11	0	0	58	61
Pseudomonas sp. BIOMIG1BAC	0	0	0	214	0	0	0	0	0	0	0	0	0	54	0	0	0	0	0	0	69	0	0	66	14	0	0	76	35	0
Pseudomonas aeruginosa	378	180	1203	150	0	312	720	9816	283	4030	77	764	1168	107	191	254	581	240	25643	146	1297	1991	962	574	565	270	136	0	43	4297
Pseudomonas oleovorans	40	97	0	0	92	245	16	60	0	46	28	55	0	36	77	0	0	0	184	23	0	312	24	0	25	33	61	0	104	97
Pseudomonas oryzihabitans	0	0	0	0	14	0	0	0	0	0	6	227	6	0	0	0	0	0	20	15	354	49	7	19	15	0	0	15	39	0
Pseudomonas putida	36	77	8	33	0	40	0	82	34	26	57	58	727	20	0	0	0	22	2441	12	4478	2324	219	379	304	116	427	1224	301	476
Pseudomonas psychrotolerans	0	0	7	0	19	0	0	22	0	0	0	34	21	0	0	0	0	0	81	0	107	0	0	10	0	16	0	16	0	0
Pseudomonas fluorescens	9	27	8	219	0	0	47	28	0	0	0	14	0	20	15	12	11	6	44	0	182	21	11	0	57	0	0	37	18	17
Pseudomonas fragi	0	0	0	32	0	0	18	106	0	35	26	62	0	0	0	0	0	0	47	6	0	31	16	0	15	12	0	44	25	48
Stutzerimonas stutzeri	0	41	11	76	0	0	38	91	106	46	230	137	56	39	79	13	31	63	61	75	1428	541	154	206	254	31	174	384	63	103
Stenotrophomonas maltophilia	1959	1189	129	57715	292	1268	4532	14889	1034	10440	4952	36633	1050	260	263	2494	111	150	12690	880	3989	9362	7601	1014	6064	1151	592	1067	681	2666
Stenotrophomonas sp. 59	0	0	0	295	20	0	0	23	0	7	0	0	0	21	45	0	0	0	124	0	0	19	81	9	0	51	0	0	96	161
Stenotrophomonas sp. BIO128-Bstrain	0	0	0	0	0	0	0	0	0	16	0	14	0	0	0	8	0	0	178	0	648	10	0	63	0	0	39	72	0	0
Stenotrophomonas pavanii	13	34	54	10	12	22	439	59	6	0	0	58	0	15	0	21	28	59	90	0	76	39	12	26	163	0	31	0	0	90
Xanthomonas campestris	263	0	6	36	144	0	23	84	58	59	103	43	64	22	14	36	6	21	218	43	511	407	14	12	0	18	32	33	60	111
Xanthomonas albilineans	41	68	37	494	22	69	186	375	14	126	134	511	57	7	5	11	13	33	782	30	199	158	75	57	43	25	8	89	26	91
Pseudoxanthomonas mexicana	91	0	0	0	0	0	0	0	0	459	0	0	8	0	0	0	0	0	34	0	0	90	46	14	0	0	0	26	26	76
Pseudoxanthomonas suwonensis	20	51	0	0	12	33	0	37	0	21	0	17	38	0	0	0	0	0	26	0	126	58	30	0	0	0	0	11	10	13
Ahniella affigens	0	0	0	105	0	0	7	0	24	0	0	0	0	0	0	246	291	32	51	133	0	128	5	697	0	10	0	0	0	13
Aeromonas salmonicida	31	20	54	15	0	69	196	175	19	23	14	118	23	37	12	88	49	48	65	24	187	94	62	78	73	9	41	0	16	97
Aeromonas caviae	0	0	7	50	0	0	149	100	0	0	0	28	69	0	0	0	0	34	40	0	0	0	47	0	49	51	35	0	0	101
Rheinheimera sp. MM224	20	36	29	55	0	64	102	168	22	43	0	69	117	72	0	0	58	38	45	0	64	57	105	199	0	0	0	215	98	0
Rheinheimera mangrovi	24	0	0	88	0	50	0	100	0	18	0	22	0	25	0	0	66	24	0	19	0	196	128	0	0	79	0	144	0	158
Haemophilus parainfluenzae	165	141	11	149	0	46	22	342	2219	73	20	155	209	33	42	107	9	12	156	81	637	313	93	59	30	70	56	179	128	362
Pasteurella multocida	756	1397	14	4082	0	1073	3250	16991	1389	8721	2030	49114	103	105	118	388	228	131	5520	452	1570	4509	3443	201	121	367	174	278	411	780
Shewanella baltica	0	0	0	0	0	0	118	0	0	0	0	0	0	0	0	211	0	0	66	0	0	261	50	0	0	0	0	0	0	0
Piscirickettsia salmonis	17	53	94	52	120	60	2148	193	82	21	6	148	46	29	7	85	80	187	118	29	167	229	64	44	119	6	55	5	0	135
Vibrio cholerae	0	0	9	0	0	7	121	70	6	0	0	29	0	0	0	49	44	0	45	0	6	58	103	0	57	0	0	0	0	388
Vibrio anguillarum	11532	3563	0	0	0	48	45	157	6	0	20	125	36	7	0	1161	58	0	734	96	253	239	39	470	0	20	0	20	13	140
Achromobacter xylosoxidans	0	40	0	186	25	47	48	295	100	285	0	0	74	340	541	19	0	32	1061	27	689	882	1605	143	88	782	41	32	560	1847
Achromobacter spanius	13	0	0	12	0	0	0	112	0	41	0	0	0	55	78	0	25	0	236	0	0	12	227	0	0	77	26	70	162	335
Achromobacter sp. MFA1 R4	0	0	0	0	10	0	0	0	29	0	0	0	0	22	29	0	0	0	88	25	0	26	104	13	0	59	0	0	19	80
Delftia lacustris	0	0	49	325	173	281	0	231	0	195	0	133	275	283	470	0	0	0	2345	0	0	936	807	0	105	480	0	0	99	1107
Delftia acidovorans	91	23	0	253	61	51	116	516	164	411	269	301	108	440	447	79	452	122	1801	517	611	1399	692	100	68	511	130	0	775	3098
Delftia sp. Cs1-4	0	0	0	0	25	0	42	0	0	46	0	0	0	0	0	0	0	0	0	0	0	472	0	0	0	0	0	127	49	438
Acidovorax sp. KKS102	0	11	0	0	0	32	24	107	0	0	0	0	171	74	0	0	128	33	161	0	533	400	48	0	31	0	0	0	0	0
Acidovorax temperans	117	30	21	0	0	168	148	46	0	0	0	0	102	0	0	0	0	54	120	55	0	0	62	171	0	32	0	75	63	85
Massilia sp. NP310	51	129	150	1070	0	54	44	655	0	0	259	103	182	38	15	0	0	112	3005	0	2119	467	9396	830	112	80	310	211	62	403
Massilia sp. WG5	41	89	0	29	0	13	89	54	0	32	0	44	0	0	0	27	0	52	2089	0	351	441	510	84	22	17	0	0	0	101
Massilia sp. H6	20	0	0	10	0	21	0	165	15	0	28	13	0	0	0	0	0	0	316	23	173	156	1284	53	0	0	0	12	24	0
Massilia sp. LPB0304	0	0	0	17	0	0	0	102	10	0	0	37	157	0	0	0	0	0	201	0	135	0	99	28	87	0	56	0	23	21
Massilia oculi	58	101	0	32	0	0	22	170	0	67	298	92	47	0	0	0	0	0	2134	0	368	342	10026	138	52	78	0	92	39	157
Undibacterium sp. 20NA77.5	35	0	42	0	0	44	54	168	0	23	0	0	0	15	15	16	26	70	0	0	65	22	0	15	108	0	0	0	20	265
Undibacterium parvum	14	5	5	0	0	22	0	91	0	0	0	0	0	8	5	16	9	16	0	0	0	27	0	0	0	0	0	0	0	9
Janthinobacterium sp. J1-1	0	29	56	13	0	44	102	172	11	0	0	46	0	11	9	0	74	26	0	0	31	64	50	27	109	23	0	54	12	27
Janthinobacterium sp. PAMC25594	0	0	0	0	0	0	0	59	0	0	0	0	0	0	0	0	0	0	57	0	0	0	0	64	0	0	0	0	0	0
Neisseria elongata	37	40	15	17	69	0	0	321	17	12	0	169	39	30	0	11	111	36	45	0	328	45	85	107	49	24	59	35	19	31
Neisseria sp. oral taxon 014	0	30	6	55	0	0	55	45	0	13	0	0	0	0	0	0	0	0	25	0	27	0	96	0	0	78	0	0	19	40
Neisseria sicca	0	169	24	196	0	123	0	784	59	0	33	526	107	0	0	42	0	0	87	196	0	163	183	0	0	170	344	43	47	275
Neisseria gonorrhoeae	157	107	31	147	0	0	107	742	153	0	0	824	87	0	0	299	3575	197	50	1102	174	79	435	10305	50	0	132	0	0	185
Morococcus cerebrosus	0	0	40	463	0	0	0	294	0	0	0	0	0	0	0	0	0	0	0	0	0	0	0	0	0	0	0	0	81	169
Methylophilus medardicus	0	11	136	0	0	0	18	115	0	0	0	8	0	0	40	0	179	19	0	19	0	110	0	121	37	0	0	0	0	0
Paracoccus sp. S3-43	114	63	75	34	0	38	0	350	0	23	0	820	0	0	0	0	24	0	193	0	615	392	0	0	0	41	43	0	30	78
Paracoccus sp. MC1862	244	142	0	62	0	22	13	504	30	39	13	774	0	10	8	0	29	0	250	26	592	407	130	163	0	33	8	13	41	137
Paracoccus sp. SCSIO 75233	0	0	0	0	0	0	0	0	24	0	0	0	0	0	0	0	0	0	0	0	0	119	164	0	0	0	0	0	0	46
Paracoccus sp. M09	0	0	0	17	0	0	0	178	0	0	0	108	0	0	0	0	22	0	0	0	334	14	0	59	0	0	0	0	0	20
Paracoccus yeei	1100	510	155	553	87	231	104	987	303	665	400	2044	431	30	79	0	196	47	990	179	688	2624	380	557	156	446	215	336	759	560
Paracoccus marcusii	217	45	210	215	28	130	173	422	137	161	118	267	502	58	41	48	0	60	319	143	620	972	103	105	0	0	108	0	276	322
Paracoccus aestuarii	22	0	0	0	8	29	0	40	0	0	0	116	0	0	0	10	0	0	0	0	0	0	0	0	0	0	0	0	0	26
Paracoccus contaminans	154	233	0	12	10	0	210	364	29	79	18	2379	71	10	0	0	0	14	172	0	285	53	65	53	21	0	19	56	0	0
Paracoccus everestensis	0	0	0	0	0	0	134	0	0	0	54	0	0	0	0	0	0	0	0	0	0	0	118	0	44	0	0	0	87	31
Paracoccus sanguinis	290	43	0	0	11	0	65	268	43	30	25	1711	0	0	0	12	0	0	48	23	726	206	0	93	15	0	0	37	65	15
Paracoccus aerodenitrificans	0	0	0	0	0	0	0	0	0	0	0	0	0	0	0	0	0	0	0	0	0	59	0	0	0	0	0	0	0	0
Frigidibacter mobilis	0	55	0	0	0	0	0	212	73	0	0	0	1164	0	0	0	0	0	0	33	0	187	0	56	0	0	57	0	0	0
Rhodobacter capsulatus	92	18	0	0	0	0	20	127	0	20	0	0	0	0	0	0	0	0	91	0	138	234	38	0	18	21	0	0	40	37
Algicella marina	111	16	0	0	0	0	12	236	0	72	0	65	0	0	0	0	0	0	43	0	24	0	52	12	0	21	11	25	24	0
Agrobacterium tumefaciens	130	0	46	24	0	50	0	52	0	0	10	21	209	94	86	0	37	0	565	0	350	73	0	0	0	0	0	41	53	13
Agrobacterium pusense	0	0	0	16	0	25	0	77	24	0	0	111	119	20	0	0	0	0	0	27	232	114	67	55	121	0	99	98	91	205
Rhizobium sp. WL3	15	0	0	0	0	0	0	0	0	0	0	0	0	0	0	0	0	0	484	0	0	34	0	0	0	0	0	0	0	15
Shinella sp. HZN7	0	0	0	0	69	0	0	0	11	70	0	97	0	0	0	0	0	0	375	0	0	0	0	0	0	0	49	0	31	0
[Ochrobactrum] quorumnocens	0	46	6	45	42	0	0	0	7	79	25	12	0	9	0	0	0	0	52	7	54	0	24	0	0	27	0	0	19	0
Brucella anthropi	94	77	124	91	0	107	43	34	8	0	56	314	116	0	0	84	51	64	110	18	2087	147	70	164	75	126	198	170	33	183
Methylobacterium indicum	0	0	0	0	0	0	48	105	0	0	0	220	486	0	0	0	0	0	35	0	0	0	0	0	0	0	0	0	0	0
Methylorubrum extorquens	0	0	0	0	12	18	0	104	0	0	0	0	127	0	0	0	0	0	0	0	121	0	0	0	83	0	0	11	0	65
Brevundimonas nasdae	0	75	90	779	127	47	0	396	93	370	208	314	269	2038	1959	0	32	60	1103	187	50	516	325	18	7	176	182	109	140	518
Brevundimonas sp.	40	0	0	0	0	0	124	0	91	30	0	0	0	33	16	0	0	0	176	0	71	69	0	15	15	12	0	0	36	48
Brevundimonas sp. PAMC22021	232	0	454	14	15	0	0	69	0	69	35	3445	479	0	6	0	0	36	119	0	244	101	0	139	25	0	0	55	0	36
Brevundimonas sp. C43	0	0	0	0	0	0	0	0	0	0	0	0	0	15	0	0	0	0	0	0	0	0	0	70	14	0	0	0	0	0
Brevundimonas diminuta	0	0	0	0	0	0	0	0	0	0	0	0	0	25	10	0	0	0	709	0	252	135	172	47	0	50	0	0	43	262
Brevundimonas albigilva	240	0	193	11	0	156	114	423	0	24	87	1205	559	76	0	79	34	0	1305	40	96	441	0	69	24	0	151	91	46	83
Brevundimonas vesicularis	0	0	0	40	0	0	0	0	0	0	0	0	0	68	52	0	0	0	0	0	0	127	150	0	45	0	0	0	50	25
Caulobacter segnis	0	0	48	0	0	0	0	0	0	86	0	0	48	103	116	0	0	0	542	11	181	0	38	0	21	20	0	0	8	0
Sphingomonas sp. PAMC26645	0	53	0	31	0	0	0	0	0	15	0	0	27	0	0	0	0	0	0	0	384	73	38	0	0	24	0	0	26	0
Sphingomonas sp. MM-1	0	0	0	0	0	0	0	0	0	0	0	0	0	0	0	0	0	0	476	0	162	554	0	0	62	0	0	44	0	0
Sphingomonas hankookensis	0	83	18	0	0	0	0	252	0	45	0	57	387	0	0	0	0	0	134	0	657	390	213	42	0	44	0	0	0	88
Sphingomonas naphthae	89	72	0	0	0	0	0	132	0	0	0	0	241	0	0	0	0	0	364	0	1510	202	0	37	80	0	0	114	0	0
Sphingobium xenophagum	0	91	0	0	0	0	118	102	0	398	0	0	0	0	0	0	0	0	389	0	1514	0	0	371	82	0	117	223	0	0
Altererythrobacter sp. TH136	23	92	0	0	0	0	0	590	0	0	0	18	0	0	0	0	0	0	0	0	578	74	0	11	0	0	0	0	0	0
Sphingosinicella flava	19	0	0	0	0	0	0	76	0	0	0	0	0	0	0	0	0	0	95	0	27	0	0	0	0	0	0	0	0	0
Roseomonas mucosa	0	429	0	0	0	0	0	164	0	0	0	72	4425	251	0	0	0	314	162	0	2095	0	0	132	0	56	79	59	0	0
Roseomonas sp. OT10	0	0	0	0	0	12	0	50	599	0	0	21	4755	0	0	0	0	10	0	0	0	164	47	8	0	12	0	0	0	0
Niveispirillum cyanobacteriorum	0	0	0	8	38	0	0	165	15	16	23	40	0	0	0	0	0	0	31	0	0	0	0	0	0	0	23	0	0	86
Porphyromonas asaccharolytica	0	0	2280	0	14	0	2056	0	9	56	0	1319	0	0	0	178	1332	22	22	12	583	0	718	0	0	0	0	62	0	76
Porphyromonas somerae	0	0	13	51	0	13	7137	10	0	17	0	43	24	0	0	31	393	0	107	7	8231	0	526	683	0	8	0	22	0	107
Porphyromonas endodontalis	0	7	29	0	0	0	139	140	24	22	0	0	17	0	0	9	33	0	5	0	265	0	83	0	0	15	0	27	21	60
Porphyromonas gingivalis	20	0	26	0	7	14	57	50	121	0	0	91	170	0	0	384	69	24	15	9	273	42	16	136	0	10	51	0	0	24
Porphyromonas sp. oral taxon 275	9	13	8	15	0	31	81	165	171	26	12	46	29	0	8	16	248	0	176	9	299	86	92	0	0	57	47	0	0	53
Phocaeicola dorei	0	23	0	0	0	25	70	17	0	0	28	0	0	10	0	9	72	9	73	0	19	59	81	0	0	0	0	0	6	0
Phocaeicola vulgatus	0	40	27	8	0	26	280	30	36	0	0	182	30	16	0	27	0	0	96	0	548	0	146	47	30	0	0	41	0	0
Phocaeicola salanitronis	0	0	35	0	0	20	164	13	25	0	0	137	0	0	10	14	244	10	38	0	133	43	84	0	0	0	0	0	9	30
Prevotella intermedia	26	20	1767	0	142	0	6798	85	614	52	92	21728	981	14	7	403	21615	0	4570	350	11811	1106	4215	45	0	31	2439	0	17	215
Prevotella bivia	99	9	16111	1315	145	104	443330	196	255844	1696	1656	120190	151663	6963	90	288532	276625	223	1079722	12167	116025	91646	4889	273	49	2356	16388	24	378	109975
Prevotella dentalis	0	0	0	0	0	0	131	14	20	33	0	112	19	0	0	143	406	0	40	13	1300	14	177	0	0	23	0	24	0	22
Prevotella communis	0	0	5	0	0	0	936	0	180	0	0	1031	0	0	0	87	2545	0	15	194	3813	0	1181	0	0	0	0	0	0	94
Hoylesella buccalis	17	23	807	8	139	39	35725	89	11186	42	449	20342	958	62	32	10841	83965	26	2994	3528	99041	382	28120	383	6	14	823	35	10	4517
Segatella copri	18	25	19	0	0	6	60	89	10	0	0	38	107	0	24	7	93	0	31	0	38	158	61	0	0	7	25	20	29	12
Epilithonimonas vandammei	173	146	132	266	0	249	416	1174	256	427	103	704	535	181	66	63	228	145	348	78	1036	1241	337	311	177	131	159	274	462	1047
Chryseobacterium manosquense	0	24	0	18	0	0	51	0	0	0	0	19	102	0	0	0	0	0	0	0	0	146	0	22	0	0	0	0	0	0
Cloacibacterium normanense	60	58	0	20	0	112	45	0	0	0	0	0	0	0	0	0	0	0	104	0	0	0	0	0	180	42	0	0	100	27
Flavobacterium sp. K5-23	10	11	49	11	0	39	82	71	0	0	0	21	7	0	0	14	36	15	40	0	26	87	41	0	68	0	0	0	0	49
Formosa agariphila	14	11	99	0	22	50	537	734	138	34	6	585	0	18	0	575	153	85	437	39	41	82	120	21	63	14	0	45	0	121
Candidatus Karelsulcia muelleri	0	34	125	32	68	100	1136	199	39	36	5	106	64	21	7	70	79	84	97	15	70	74	143	30	232	6	12	0	14	78
Sphingobacterium multivorum	0	0	0	0	0	0	0	0	0	0	13	0	236	0	7	0	45	0	386	0	0	230	48	0	0	0	0	0	0	53
Pedobacter sp. D749	0	0	0	0	0	0	0	0	0	0	0	0	0	82	53	0	0	0	0	0	0	0	0	0	0	0	0	0	0	0
Gemmatirosa kalamazoonensis	0	10	7	0	0	20	7	48	0	0	9	0	0	20	0	0	0	0	23	0	180	93	12	13	0	0	0	0	0	14
Fusobacterium hwasookii	0	0	15	0	0	6	205	29	384	87	0	18	645	0	0	0	662	9	81	754	1455	10	90	14	31	0	132	0	0	20
Urbifossiella limnaea	0	29	33	0	0	0	0	50	0	112	0	25	0	0	0	0	0	0	131	0	1378	376	0	0	0	0	0	0	0	18
Verrucomicrobium spinosum	0	0	0	0	0	0	8	31	7	24	0	0	0	0	0	0	0	0	15	0	146	98	0	0	24	0	0	0	0	0
Campylobacter ureolyticus	0	15	154	0	113	51	39496	22	2675	42	60	2077	4128	69	260	23041	11880	29	95339	1779	75998	54611	13066	297	121	4236	150	221	224	980
Bacteriovorax stolpii	9	0	0	0	0	8	0	0	0	0	0	18	0	0	0	0	0	0	41	0	0	293	0	205	0	0	0	0	0	55
Fusarium graminearum	94	54	0	0	0	0	0	0	0	16	0	39	0	0	0	7	0	0	41	0	0	400	39	0	0	0	0	0	50	0
Fusarium poae	59	18	0	0	0	17	31	33	0	0	0	0	0	0	0	52	0	0	164	19	265	159	87	0	30	0	0	0	0	75
Fusarium pseudograminearum	47	0	11	18	0	0	17	46	62	0	53	0	33	0	0	0	0	0	523	0	0	73	1306	25	1578	0	0	0	0	198
Fusarium keratoplasticum	92	29	0	0	0	35	63	66	0	18	28	117	163	0	0	0	0	19	216	0	110	72	170	0	12	0	0	9	0	0
Fusarium falciforme	0	0	0	0	0	0	0	48	0	10	0	0	0	0	0	0	0	0	83	0	0	187	197	0	81	0	0	27	0	133
Fusarium oxysporum	23	0	0	0	0	38	22	0	19	0	40	185	198	0	0	0	0	0	62	0	444	170	70	0	0	0	0	22	0	0
Fusarium musae	80	96	33	31	0	43	459	322	21	1064	70	407	0	60	0	13	24	20	3635	46	1652	804	18142	85	1037	70	0	484	48	274
Ustilaginoidea virens	15	15	0	0	0	0	48	78	8	22	12	80	32	0	0	14	0	0	161	0	91	191	295	0	1930	15	24	36	0	138
Thermothielavioides terrestris	7	9	0	0	0	0	77	60	0	15	0	0	53	0	0	705	0	0	91	50	0	139	88	0	21	40	0	0	0	25
Botrytis cinerea	125	212	40	21	0	13	624	647	166	123	509	313	116	19	0	53	11	6	1818	90	777	1136	3427	138	1613	86	23	107	81	299
Zymoseptoria tritici	179	221	70	182	0	36	3975	1152	167	2924	272	432	281	178	27	117	35	20	5762	518	1758	1478	48366	416	1160	150	55	564	23	413
Fulvia fulva	61	87	41	0	0	17	1463	569	55	1307	96	379	323	89	0	76	49	17	5111	1909	2329	825	17699	45	279	61	48	590	70	208
Cercospora beticola	28	98	41	73	0	38	1225	552	60	1049	94	180	1038	50	0	11	0	0	780	653	1332	423	9794	91	444	79	0	327	62	178
Ascochyta rabiei	1825	463	119	104	78	342	4121	2805	2407	1139	1886	1305	1031	623	30	92	74	40	20159	129	9075	5502	46730	1356	82032	925	330	1190	396	4063
Penicillium oxalicum	50	130	0	0	0	70	1186	369	72	147	128	96	412	48	0	0	0	36	340	79	276	1213	710	0	27	19	0	0	22	97
Pichia kudriavzevii	229	87	9	23	0	137	404	556	41	227	0	81	24	16	17	0	6	69	169	38	408	291	534	77	34	60	111	133	79133	174
Brettanomyces nanus	39	10	0	21	0	0	171	23	57	0	84	59	0	0	0	0	0	0	251	0	0	173	376	25	27	16	0	0	33	61
Sugiyamaella lignohabitans	45	46	21	0	0	6	0	36	8	0	88	18	18	8	0	14	7	0	287	8	536	1402	102	0	13	8	0	0	6	0
[Candida] auris	150	170	197	24	0	156	404	740	0	49	13	651	143	9	28	79	62	33	242	24	432	397	352	65	929	14	71	118	17	124
Malassezia restricta	1500	2135	360	2468	338	1255	13163	17515	3371	3671	1585	17181	51567	757	481	865	684	380	18302	6727	71420	24763	21103	5710	5944	3928	11207	25234	12150	45583
Sporisorium graminicola	213	63	8	0	0	135	305	169	23	174	18	148	101	9	0	32	13	0	500	0	276	8164	935	80	86	28	0	81	58	85
Marasmius oreades	239	63	15	76	0	56	297	1555	127	56	116	8326	583	16	14	377	0	0	1812	0	0	7276	2628	199	81	93	191	109	37	230
Rhizoctonia solani	278	58	0	22	0	56	372	1967	46	33	67	6334	615	9	0	108	32	54	1508	64	686	8933	1815	58	50	110	44	107	55	183
Babesia bigemina	0	9	0	40	0	0	0	40	0	54	6	14	16	0	10	0	0	0	89	0	13	97	26	18	167	24	0	23	19	33
Babesia microti	80	21	0	0	0	12	0	7	0	16	0	24	0	0	0	56	0	0	165	0	0	663	0	14	6	8	0	0	0	0
Phaeodactylum tricornutum	315	93	0	0	0	74	110	300	28	65	9	328	44	14	0	233	0	0	136	0	526	1472	185	52	225	17	26	25	0	65
Thalassiosira pseudonana	28	29	0	11	0	18	36	254	69	64	106	140	102	0	0	38	0	0	207	0	91	390	124	15	0	23	0	0	44	60
Cryptomonas paramecium	21	24	0	12	0	40	20	114	0	0	6	51	29	8	0	0	7	0	249	0	121	172	43	7	10	0	0	0	0	39
Leishmania mexicana	0	0	5	48	0	0	0	34	0	10	74	0	34	0	13	0	19	0	68	48	308	601	44	14	0	18	8	56	0	81
Enterobacter hormaechei	190	817	0	103	0	0	28	81	0	0	61	89	0	0	0	110	0	0	241	0	738	241	314	120	0	138	0	0	93	261
Shigella dysenteriae	438	208	0	0	0	0	0	28	0	0	0	0	0	0	0	0	0	0	39	0	0	0	64	0	0	0	0	0	0	317
Klebsiella michiganensis	0	0	0	0	0	0	0	10	0	29	167	25	0	33	17	0	8	11	64	46	0	468	46	0	14	14	0	0	0	137
Acinetobacter sp. LUNF3	92	0	0	0	0	0	79	0	0	0	0	0	507	0	0	0	0	0	0	0	757	129	261	135	0	93	0	0	0	0
Acinetobacter sp. SWBY1	0	14	17	0	71	0	10	20	0	0	9	0	212	0	0	0	0	0	0	0	0	145	0	0	0	0	0	0	0	0
Acinetobacter sp. MYb10	0	0	0	0	0	0	0	0	0	0	0	0	73	0	0	0	0	0	0	0	84	0	0	0	0	0	0	0	16	0
Acinetobacter sp. Colony158	0	14	0	0	0	0	0	32	0	0	0	0	0	0	0	0	0	0	0	0	0	16	0	0	0	0	0	0	0	0
Pseudomonas siliginis	0	0	6	47	0	0	0	12	0	0	0	0	65	17	33	0	0	0	0	0	603	0	0	59	34	0	0	73	0	0
Stenotrophomonas rhizophila	0	0	0	0	0	0	0	7	0	0	0	0	40	0	7	0	0	0	492	0	0	0	0	7	0	0	0	35	0	0
Haemophilus haemolyticus	61	0	0	28	0	0	0	165	194	0	0	177	0	0	0	0	9	0	61	0	215	226	37	0	0	15	24	0	0	250
Cardiobacterium hominis	0	15	0	14	0	14	0	111	14	0	73	82	0	0	0	10	11	0	44	0	139	27	32	113	0	11	48	154	0	35
Paracoccus sp. TOH	30	129	0	19	0	0	0	245	14	64	36	203	24	0	0	18	20	0	261	0	167	145	160	0	0	0	0	83	0	324
Paracoccus stylophorae	32	59	0	0	0	0	0	0	0	0	0	152	0	0	0	0	20	0	38	41	0	0	37	0	0	0	0	0	0	21
Paracoccus versutus	0	0	0	0	0	0	0	0	0	0	0	0	0	0	0	0	0	14	0	0	0	194	0	0	0	0	0	0	0	46
Paracoccus mutanolyticus	147	0	171	0	0	0	0	0	0	0	67	0	0	0	0	0	0	0	0	0	0	0	0	0	0	0	0	0	0	152
Aliiroseovarius crassostreae	0	11	0	0	0	13	201	16	101	0	0	72	0	0	0	188	137	0	20	0	166	293	0	0	0	0	0	0	0	205
Abyssibius alkaniclasticus	136	62	33	19	0	0	33	361	0	0	0	198	0	0	0	0	0	0	34	0	501	0	33	0	0	0	0	0	0	12
Rhizobium leguminosarum	0	0	0	0	0	0	38	0	0	0	0	0	52	0	0	0	0	0	127	0	48	62	0	0	0	0	0	41	0	0
Methylobacterium sp. WL1	0	0	0	0	0	0	0	138	0	146	0	0	223	0	0	0	0	0	81	0	319	353	23	0	0	27	0	0	93	30
Methylobacterium sp. FF17	135	80	6	7	0	46	18	237	0	386	0	85	450	0	0	0	0	0	618	19	602	1580	173	163	19	24	79	10	0	51
Aureimonas sp. AU12	0	0	0	0	0	0	24	0	0	0	0	0	16918	0	0	0	0	0	0	0	0	120	0	0	0	0	0	60	58	358
Sphingomonas sp. HMP9	0	55	0	0	0	0	0	0	0	0	0	0	14	0	0	0	0	0	0	0	0	0	0	28	0	0	0	0	0	0
Sphingomonas sp. AAP5	25	184	0	0	0	0	0	38	0	0	0	41	0	0	0	0	0	0	37	0	0	0	0	17	12	0	0	0	0	0
Sphingomonas sp. LHG3406-1	0	0	0	0	0	0	0	130	0	0	0	0	54	0	0	0	0	0	62	0	0	183	0	21	0	0	0	35	0	0
Sphingomonas cannabina	0	0	0	0	0	0	0	0	0	0	0	0	0	0	0	0	0	0	87	0	272	94	0	0	9	0	0	0	0	0
Sphingomonas insulae	0	0	0	0	0	0	0	296	0	15	86	40	0	0	0	0	44	0	115	10	445	0	393	71	0	17	0	0	0	0
Sphingomonas melonis	0	567	0	0	0	0	0	0	0	0	0	232	0	0	0	0	0	0	0	88	0	293	0	0	0	0	0	0	0	0
Rhizorhabdus dicambivorans	0	0	0	0	0	0	0	194	0	0	0	0	35	0	0	0	0	0	147	0	0	153	0	0	0	0	0	0	0	0
Tardibacter chloracetimidivorans	0	28	0	45	0	0	0	218	0	0	0	0	74	0	0	0	0	0	0	0	881	930	169	37	54	0	0	0	0	0
Brevundimonas sp. BT-123	0	0	0	0	0	0	0	0	0	0	0	0	0	11	17	0	0	0	0	0	418	92	0	58	0	30	0	0	0	0
Brevundimonas pondensis	0	0	0	0	0	0	93	0	0	41	0	0	0	0	0	0	0	0	110	0	71	46	16	19	0	10	0	0	25	68
Brevundimonas mediterranea	0	0	0	0	0	0	0	0	74	57	0	0	0	12	28	0	0	0	0	0	0	25	0	0	0	0	0	28	0	0
Brevundimonas naejangsanensis	154	0	0	47	0	0	0	0	0	0	0	0	0	45	69	0	0	0	248	0	0	0	41	0	0	13	0	0	0	0
Brevundimonas vancanneytii	0	0	0	0	0	0	0	0	0	0	0	0	0	11	0	0	0	0	803	0	173	337	77	0	0	0	0	0	0	57
Roseomonas haemaphysalidis	0	8	0	0	0	18	0	0	170	0	0	44	9349	0	0	0	0	0	0	0	0	138	0	0	0	7	0	0	0	13
Roseococcus microcysteis	25	0	0	0	0	0	0	95	389	0	0	0	5509	0	0	0	0	0	36	11	0	50	16	16	21	10	0	0	0	0
Delftia sp. HK171	0	0	0	0	0	0	0	96	65	0	0	0	0	60	0	0	67	0	93	0	0	0	84	0	0	0	0	0	100	81
Variovorax paradoxus	0	64	0	0	0	0	0	0	0	0	0	0	0	0	0	0	0	0	1973	0	0	421	21	0	0	0	177	65	0	43
Comamonas aquatica	43	41	0	0	0	0	63	115	35	52	27	20	93	0	0	0	31	0	86	108	0	648	47	27	0	11	203	0	45	158
Ottowia testudinis	43	25	0	0	0	0	0	23	0	158	0	47	0	0	0	0	0	0	0	0	0	51	15	0	0	15	0	0	0	0
Ottowia sp. oral taxon 894	31	7	9	0	0	39	76	32	99	0	18	354	0	0	0	24	32	0	47	62	0	285	58	13	18	9	0	0	0	146
Massilia sp. REN29	0	52	0	53	0	0	19	65	0	0	0	11	35	0	0	0	0	0	36	0	250	21	62	51	52	19	0	36	31	37
Massilia forsythiae	0	38	0	0	0	0	0	154	25	0	15	47	85	0	0	0	0	0	1865	0	773	129	929	299	37	11	0	84	0	16
Herbaspirillum huttiense	0	14	0	0	628	0	350	1067	774	1120	820	1257	38	774	646	757	579	215	1416	961	438	6113	655	72	52	491	139	205	1670	3529
Sphaerotilus sulfidivorans	0	0	0	0	0	0	0	23	20	0	0	14	84	0	0	0	0	0	97	0	65	198	35	0	18	0	101	0	24	28
Burkholderia cenocepacia	0	0	0	0	0	28	61	29	41	0	0	15	118	0	0	19	0	23	78	0	40	60	72	77	33	0	0	0	0	0
Cupriavidus metallidurans	7	13	0	0	0	0	20	0	0	0	0	0	68	0	0	0	0	0	114	0	95	82	41	35	17	19	0	55	47	178
Duodenibacillus massiliensis	0	0	56	0	0	0	251	0	580	23	9	2531	0	15	9	1604	870	0	115	38	0	0	0	0	0	0	0	0	0	1785
Neisseria macacae	0	106	0	0	0	0	19	134	70	35	29	160	0	0	0	0	0	0	0	0	0	233	58	443	0	313	200	0	34	269
Neisseria subflava	77	60	0	48	0	42	67	50	0	14	9	0	0	38	0	0	0	0	16	25	1415	134	25	0	0	110	148	146	52	21
Neisseria mucosa	0	0	0	145	0	0	0	0	185	0	37	0	0	0	0	60	0	0	23	212	165	79	0	0	0	93	0	0	74	94
Azospira sp. I09	0	16	0	0	0	32	0	0	0	0	0	0	174	0	0	0	0	0	0	0	0	64	0	0	0	0	0	0	0	0
Microlunatus sagamiharensis	15	49	0	134	0	309	45	93	78	0	0	67	36	502	0	0	84	0	212	0	34	1270	73	8	0	15	0	0	6	132
Microlunatus phosphovorus	17	26	0	0	0	85	54	97	8	0	0	92	0	7	0	0	6	0	218	17	100	176	15	9	40	19	30	9	8	0
Tessaracoccus defluvii	0	0	0	0	8	0	6384	0	0	0	0	91	143	0	0	102	98	13	0	0	599	35	0	17	22	0	21	49	0	10
Nocardioides sp. CF8	24	36	0	0	0	0	0	79	0	9	0	0	0	0	0	0	0	0	282	0	0	99	0	0	12	0	0	9	0	30
Nocardioides sp. S-1144	0	21	0	0	0	23	47	62	0	11	17	0	0	0	0	0	0	0	199	0	128	97	0	0	24	0	0	21	0	0
Nocardioides sp. JS614	0	39	35	15	0	0	0	0	0	7	0	0	0	0	0	0	0	0	587	0	0	256	0	0	0	0	0	0	0	0
Nocardioides aquaticus	18	0	0	0	0	0	0	44	0	12	0	0	90	0	0	0	10	0	422	0	172	75	19	13	12	0	0	0	0	0
Nocardioides piscis	23	17	0	0	0	0	0	0	0	0	0	0	0	0	0	23	0	0	99	0	0	303	0	0	0	0	0	0	0	0
Nocardioides seonyuensis	0	52	0	0	0	10	0	84	0	7	0	0	60	0	0	0	0	0	81	0	181	153	34	25	81	18	82	39	0	29
Marmoricola scoriae	0	18	0	0	0	0	0	211	9	38	0	48	98	0	0	0	0	0	76	0	0	62	56	44	0	0	0	47	0	58
Friedmanniella luteola	9	12	0	0	0	66	11	54	70	17	0	15	43	38	0	8	7	17	92	12	8	147	68	48	18	8	0	0	0	67
Micropruina glycogenica	0	25	7	0	0	0	198	65	22	0	0	156	0	0	0	0	45	0	75	71	0	93	67	0	0	0	0	0	11	0
Micrococcus sp. KBS0714	0	0	0	0	63	0	0	0	0	0	0	0	0	0	0	0	0	0	271	0	580	0	0	0	165	142	0	0	146	0
Kocuria rosea	23	19	14	8	36	28	170	149	15	16	11	0	162	0	201	129	150	13	309	46	224	173	61	0	95	10	12	47	0	212
Microbacterium hominis	0	0	0	0	0	0	0	0	0	0	0	0	0	0	0	0	0	0	0	0	0	0	0	0	0	0	0	0	0	0
Microbacterium aurum	12	0	13	0	0	0	0	20	0	0	28	0	34	0	0	0	0	0	316	0	0	283	19	59	0	0	0	0	19	0
Agrococcus sp. REN33	0	0	0	0	0	0	0	70	25	0	0	0	0	0	0	0	0	0	0	0	0	239	77	0	0	0	0	0	0	0
Frigoribacterium sp. SL97	0	0	0	0	0	0	39	0	0	0	0	0	100	0	0	0	0	0	29	0	0	56	0	0	0	0	0	0	0	20
Corynebacterium sp. SCR221107	0	0	0	5	0	0	0	7	16	0	0	0	0	20	0	167	33	0	0	0	88	120	90	25	90	14	0	0	0	48
Corynebacterium ureicelerivorans	0	13	0	7	0	0	0	486	9	24	0	7	8	0	7	0	0	7	113	9	0	17	44	21	0	8	0	80	9	806
Corynebacterium amycolatum	0	0	0	15	0	0	4148	215	628	170	0	119	175	0	0	130	145	0	16	0	3511	0	940	1295	0	8	29	25	51	454
Corynebacterium bovis	15	23	0	9	0	58	4648	126	42	0	108	78	34	15	11	187	99	19	119	128	1077	588	89	49	20	220	0	0	23	674
Corynebacterium maris	0	0	0	14	0	0	192	59	85	72	0	41	72	0	0	266	464	38	129	0	1842	66	14	498	26	0	0	0	19	2397
Corynebacterium humireducens	8	12	0	0	0	0	69	70	0	17	0	0	68	0	0	581	12	0	0	0	0	0	497	646	0	0	0	0	0	114
Rhodococcus erythropolis	0	0	35	0	0	0	33	490	0	26	0	39	0	22	0	0	0	0	0	66	0	0	0	0	72	0	0	0	0	38
Mobiluncus sp. Marseille-Q7826	0	0	468	0	0	0	29464	0	0	0	15	1562	5	36	41	4551	236	0	39	328	7866	0	544	0	15	0	30	421	0	296
Varibaculum prostatecancerukia	12	0	384	0	38	0	20383	13	528	22	88	3353	1589	114	27	19902	19506	6	5601	27	25585	228	6674	125	0	24	221	152	15	2771
Pseudonocardia dioxanivorans	0	96	0	0	0	38	55	86	0	0	0	0	0	0	0	33	0	15	77	0	242	47	10	8	12	26	0	0	0	0
Bifidobacterium bifidum	41	0	0	0	0	0	43901	0	0	0	0	0	0	0	0	17292	0	0	0	0	0	0	0	9	0	0	0	32	0	0
Modestobacter sp. L9-4	54	0	0	0	0	20	55	413	0	16	0	48	67	0	0	0	0	68	299	0	119	170	31	0	37	0	0	57	0	34
Capillimicrobium parvum	0	0	0	0	0	0	0	10	16	35	0	0	9	104	0	0	0	0	25	0	117	43	0	0	20	0	0	0	0	46
Iamia sp. SCSIO 61187	0	18	0	0	0	0	19	0	0	0	0	0	0	0	0	0	10	0	58	0	87	328	0	12	24	7	0	0	0	11
Ilumatobacter coccineus	20	94	0	50	0	0	0	61	103	0	10	14	0	0	0	22	200	0	22	0	151	83	28	0	28	0	0	0	15	0
Gordonibacter pamelaeae	0	0	59	0	0	0	0	0	0	0	0	118	0	0	0	78	169	0	0	0	0	0	178	0	0	0	0	16	0	0
Lactococcus raffinolactis	18	12	0	27	0	0	50	656	34	45	6	252	0	0	0	12	0	10	16	0	86	25	14	11	0	0	0	0	0	50
Aerococcus urinaeequi	40	84	0	0	127	42	120	0	0	0	75	0	0	17	0	0	0	0	0	0	0	106	0	0	58	25	189	0	74	405
Anaerobutyricum hallii	5	9	25	0	0	0	40	16	37	0	139	380	120	11	0	119	164	0	202	428	208	25	7	8	5	7	0	8	0	35
Anaerostipes hadrus	11	0	6	0	22	0	657	25	95	0	19	588	0	68	0	90	209	0	183	335	427	0	121	0	5	11	0	0	0	266
Clostridium tetani	14	68	0	258	0	14	145	390	96	27	405	239	6	8	0	16	0	0	101	0	69	55	22	14	37	16	13	8	47	85
Peptacetobacter hiranonis	7	10	0	7	15	6	18	39	13	0	0	12	0	0	0	29	70	0	28	14	0	0	105	0	5	0	0	0	0	34
Anaerococcus obesiensis	72	210	3506	0	118	0	169747	215	9618	154	2111	17180	0	0	0	187823	125626	0	731	117	37086	1648	11603	4927	0	0	659	0	0	116222
Megamonas funiformis	22	0	84	0	0	18	1072	46	907	0	18	1246	820	0	0	1276	1953	22	1781	252	1645	35	650	55	0	9	219	0	0	66
Deinococcus sp. NW-56	0	0	0	0	0	0	0	306	0	0	0	0	0	0	0	16	0	519	67	15	126	129	127	0	29	30	0	0	0	41
Deinococcus radiopugnans	0	0	0	0	0	0	20	214	0	34	10	23	0	0	0	0	0	54	51	29	373	129	19	17	0	0	0	0	0	0
Ureaplasma parvum	0	296	15171	37978	1167	0	0	0	7042	28950	0	0	0	36521	41389	44005	33441	0	2489	1484	0	76	0	0	0	0	0	0	0	0
Empedobacter falsenii	9	0	0	37	0	0	0	0	0	0	0	0	0	0	0	0	0	0	127	0	0	57	78	0	0	0	0	27	0	40
Pedobacter roseus	0	0	0	0	0	0	0	33	0	0	0	0	0	1271	1244	0	0	0	62	0	231	131	0	0	0	0	0	0	0	57
Prevotella denticola	0	0	31	13	0	0	3637	9	50	0	18	856	170	0	0	153	2066	0	14410	78	4627	0	1019	17	13	20	66	0	0	89
Prevotella sp. oral taxon 299	0	17	302	0	14	0	2268	11	308	19	22	2526	14	8	0	217	8111	0	128	254	5712	36	4687	0	0	25	377	12	0	148
Prevotella histicola	0	0	42	0	0	0	1379	14	508	0	10	895	89	0	0	515	2042	0	1014	48	1478	96	168	0	0	12	249	0	0	128
Prevotella nigrescens	23	0	145	0	82	0	1814	342	181	23	46	2281	631	0	11	131	4639	16	299	160	7080	205	2210	0	0	23	59	0	19	199
Humisphaera borealis	12	0	0	0	0	0	14	28	311	28	26	66	9	188	0	18	0	0	6	0	308	191	12	146	29	0	0	0	41	29
Campylobacter hominis	0	0	742	0	0	0	37	7	0	68	0	5104	81	0	79	0	11488	0	102	22	3513	38	2476	56	5	83	0	11	71	0
Leptotrichia wadei	10	31	23	16	16	0	17	110	9	0	27	68	0	0	0	32	0	0	38	16	50	0	68	0	0	40	0	37	0	0
Aspergillus oryzae	0	0	0	0	0	0	0	235	71	0	0	0	0	0	0	0	0	0	582	0	0	0	1233	0	861	0	0	327	0	0
Aspergillus luchuensis	43	47	0	0	0	14	204	88	12	0	0	0	0	0	15	0	0	0	232	29	0	148	222	75	203	0	60	0	0	259
Cryptosporidium parvum	0	20	0	21	0	5	36	342	13	1347	629	4023	0	17	9	31	6	10	241	14	50	2164	342	38	34	17	9	32	0	54
Dictyostelium discoideum	104	19	0	16	0	21	19	50	21	20	0	21	0	0	0	936	0	7	156	7	172	76	91	14	0	18	5	0	0	18
Gardnerella piotii	354	0	390	0	0	0	47118	0	60	0	1570	1337	29	0	34	161	272	0	0	512	0	61	0	0	9	0	13850	0	0	0
Bifidobacterium sp. ESL0775	46	0	0	0	0	0	2543	0	0	0	64	154	59	0	0	35	0	0	0	0	0	0	0	0	0	0	0	0	0	0
Bifidobacterium animalis	1167	246	1887	400	0	0	118249	266	258	0	4316	5420	985	0	0	5695	280	273	490	0	481	203	0	489	67	187	225	83	0	473
Bifidobacterium dentium	49	0	7	0	0	0	96984	0	0	0	0	8	0	804	0	6042	0	0	0	0	3970	0	0	0	0	0	0	0	0	0
Scardovia inopinata	17	0	0	0	0	0	149633	0	0	0	17	2815	32	12	0	0	30	0	49	0	21	0	0	12	0	0	10	72	0	0
Parascardovia denticolens	14	0	0	0	0	0	58324	0	0	0	0	1438	10	12	0	0	0	0	72	0	9	0	0	0	0	0	0	22	0	0
Microbacterium oxydans	0	0	12	0	0	0	287	144	0	110	41	130	0	42	35	0	0	0	107	0	0	887	73	0	50	84	0	0	58	0
Brevibacterium aurantiacum	0	0	0	0	45	19	150	180	0	0	0	0	0	27	0	0	0	18	161	414	558	160	53	123	0	0	14	0	30	0
Brachybacterium sp. P6-10-X1	19	18	0	0	0	0	2099	9	32	0	0	112	47	0	0	36	13	0	20	118	283	0	114	38	0	0	0	0	0	7
Corynebacterium rouxii	0	11	0	0	0	0	63	122	0	0	20	11	0	0	0	35	0	0	5	0	9	0	7	0	0	0	0	0	0	86
Corynebacterium glutamicum	1508	161	0	0	0	0	97831	105336	0	550	0	5385	0	0	0	20225	16021	19	9649	0	26380	3712	5154	33716	3415	0	0	0	1930	54702
Mycolicibacterium goodii	0	0	0	0	0	0	0	0	128	0	0	0	0	0	0	345	19	0	116	0	410	0	69	0	0	0	0	0	0	84
Streptomyces rimosus	0	0	0	0	0	0	102671	3648	1444	0	2833	0	0	0	0	5069	0	0	2808	0	0	2272	0	0	0	0	0	0	0	0
Streptomyces albidoflavus	0	0	27	100	0	0	151	34	0	0	0	44	0	32	0	18	0	36	0	0	0	27	26	29	0	0	44	0	0	34
Pseudonocardia broussonetiae	20	0	0	0	0	0	0	154	0	30	0	0	0	0	0	0	0	83	60	7	0	85	0	0	14	0	86	0	10	7
Berryella intestinalis	0	0	0	0	0	0	0	0	0	0	0	1200	1455	0	0	0	0	0	15	0	0	0	0	0	0	0	83	0	0	0
Berryella wangjianweii	0	0	0	0	0	0	0	0	0	0	0	408	276	0	0	0	0	0	0	7	0	0	0	0	0	0	98	0	0	0
Lancefieldella sp. Marseille-Q7238	0	44	342	21	0	7	393	0	136	0	11	383	0	27	0	143	1395	20	2561	76	58	11	218	40	0	0	25	0	0	273
Olsenella timonensis	0	0	99	0	0	18	95	0	0	0	0	344	0	0	0	270	1583	17	0	0	22	7	474	0	0	0	0	0	0	13
Lactobacillus sp. 3B(2020)	8	9	12	25	8	7	140	0	0	24	0	35	0	0	226	35	7	632	11	399	143	23	26	41	864	25	0	109	0	4227
Lactobacillus sp. JM1	1644	0	12435	1291	1071	0	51630	14210	3968	4526	0	6906	0	0	0	3650	3981	673	943	0	2094	2571	579	1139	23422	0	0	0	0	1560
Lactobacillus sp. ESL0680	10	17	52	20	67	16	176	82	18	0	0	111	0	40	43	38	262	93	0	15	32	32	12	36	29	0	0	0	0	85
Lactobacillus sp. ESL0677	0	29	59	0	0	17	1361	66	0	0	0	242	0	0	0	15	179	17	10	12	12	0	0	0	55	0	0	0	0	31
Lactobacillus paragasseri	1258	54	2719	0	0	0	133809	5026	2370	608	0	4372	0	0	0	2135	3888	0	0	100	13553	0	71	410	3181	0	0	0	140	911
Limosilactobacillus pontis	0	0	0	0	0	0	72	110	0	6	0	285	0	0	235	19	0	667	39	648	0	0	46	150	298	12	0	74	0	3612
Limosilactobacillus gastricus	0	0	0	0	0	0	9	0	0	0	0	0	0	0	138	0	0	420	0	362	0	0	22	0	414	0	0	73	0	1927
Limosilactobacillus mucosae	23	0	42	46	26	52	87	60	63	0	0	66	0	0	75	9	17	481	65	401	58	141	61	60	137	23	37	51	0	2600
Ligilactobacillus murinus	0	13	36	0	0	24	99	59	0	0	0	23	0	6	0	14	18	56	35	6	12	62	12	15	91	0	56	0	0	44
Pediococcus pentosaceus	0	0	0	0	0	0	90	338	420	132	0	788	112	39	0	0	0	0	0	0	0	0	0	150	0	0	0	101	0	0
Latilactobacillus curvatus	0	49	51	76	13	50	310	67	0	0	0	79	51	0	0	40	44	87	42	17	64	110	27	69	53	0	20	6	0	82
Streptococcus sp. 116-D4	25	0	7	15	0	6	29	113	89	22	0	16	0	0	0	0	0	8	181	18	0	119	45	0	22	61	14	19	23	0
Streptococcus anginosus	22	90	39	39	0	13	481	333	16122	28	501	35728	43188	17	1328	159	42936	43	44672	2878	8391	30	76	83	21	27	245	0	0	138
Streptococcus pasteurianus	0	0	31	0	0	0	139	102	0	0	0	93	0	0	0	0	89	28	0	0	52	26	36	61	26	0	63	0	0	39
Lactococcus garvieae	0	0	154	868	0	287	1700	1144	0	0	0	0	0	0	0	0	144	498	300	0	493	278	259	219	137	0	0	0	0	301
Carnobacterium maltaromaticum	0	85	22	58	0	14	81	40	0	0	0	69	94	0	17	0	0	43	35	13	25	12	14	0	51	7	16	0	0	39
Desemzia incerta	0	28	0	0	0	23	265	19	0	0	13	63	0	0	0	24	0	48	0	0	15	21	0	76	15	0	0	0	0	0
Bacillus spizizenii	0	0	19	0	0	0	69	42	0	0	0	27	36	0	0	15	14	18	6	0	48	9	121	202	8	0	47	0	0	22
Bacillus atrophaeus	0	249	208	348	0	21	2046	0	0	7	0	359	0	0	0	769	449	808	287	0	235	13	233	266	202	0	21	0	0	262
Bacillus sp. 7D3	0	0	0	296	0	155	351	167	71	0	0	389	0	0	0	431	0	710	308	0	2764	924	209	389	116	0	638	0	0	270
Geobacillus sp. GHH01	0	0	0	0	0	23	368	45	0	0	0	38	39	0	0	55	14	83	19	0	229	99	0	287	44	0	124	23	0	18
Paenibacillus physcomitrellae	0	12	0	15	6	19	85	36	9	0	0	53	36	0	0	19	31	82	8	18	76	55	30	114	57	0	61	23	0	24
Alicyclobacillus acidocaldarius	0	0	7	0	0	0	121	13	0	0	5	161	104	0	0	271	323	0	342	6	346	0	40	0	0	0	0	0	0	16
Peptoniphilus ivorii	0	18	327	0	0	8	4111	41	670	10	13	857	125	6	0	11685	4589	22	27	0	1190	175	1304	171	0	33	0	0	0	654
Murdochiella vaginalis	6	0	212	0	0	0	198	0	0	15	0	123	11	0	0	697	218	0	0	0	251	6	1287	33	0	0	0	0	0	529
Dialister succinatiphilus	0	0	2446	0	69	0	25487	0	7792	54	314	24358	15642	274	25	54793	37917	26	79207	2276	29715	974	12138	94	0	0	469	0	0	5579
Dialister pneumosintes	0	0	2009	0	71	15	13753	0	9508	22	397	16017	9439	217	0	27617	25697	26	48550	2085	18216	250	10679	69	0	0	555	21	55	2190
Megasphaera hexanoica	0	0	189	8	0	24	2243	28	3693	0	30	2220	3959	179	15	12660	5724	12	6072	459	3460	3064	4143	216	0	194	593	0	0	1742
Methylomusa anaerophila	0	0	11	0	0	0	640	0	278	0	0	441	251	0	0	1913	551	0	2433	15	667	93	174	23	0	0	8	0	0	374
Selenobaculum gbiensis	0	0	31	51	0	16	1790	0	840	0	0	218	62	60	0	3325	499	44	1659	33	2111	1084	197	36	0	143	41	0	0	751
Selenomonas sputigena	0	31	113	0	53	24	940	39	1630	0	23	1657	943	30	0	1287	2537	24	1077	247	1009	91	469	35	0	16	115	12	0	53
Peptostreptococcus sp. CBA3647	0	10	115	0	0	0	32	18	1050	24	628	307	0	14	0	420	2946	0	966	55	0	274	7032	0	0	0	179	0	0	950
Mageeibacillus indolicus	0	0	6	84	0	7	48	20	10	12	0	67	0	6	0	74	85	19	34	0	33	12	19	444	62	0	0	72	0	25
Blautia sp. SC05B48	0	0	0	0	0	0	64	0	0	0	0	66	0	39	0	0	0	13	89	62	0	225	29	0	0	0	0	0	0	92
Butyrivibrio proteoclasticus	0	0	0	0	0	0	384	0	17	0	7	327	0	0	0	33	73	0	46	76	199	0	94	0	0	0	0	0	0	114
Epulopiscium sp. _N.t. morphotype B_	0	6	17	0	6	15	92	21	133	0	13	32	26	0	0	3659	826	12	32	0	647	16	227	109	9	0	9	0	0	7163
Mycoplasma feriruminatoris	0	0	19	16	0	57	44	16	0	0	0	26	0	8	8	19	7	134	10	14	104	82	18	74	31	0	32	0	0	94
Klebsiella variicola	44	0	18	0	0	15	88	11	64	0	0	170	0	0	0	51	9	19	106	0	33	145	59	16	40	32	0	0	0	139
Haemophilus influenzae	0	30	0	0	254	34	24	0	184	0	0	0	42	0	0	0	0	0	0	0	125	47	42	0	34	59	23	0	0	111
Aggregatibacter actinomycetemcomitans	0	0	16	21	0	48	116	85	0	0	0	20	0	0	0	19	0	15	49	0	25	69	193	0	7	0	27	0	12	0
Candidatus Methylospira mobilis	0	0	0	27	0	0	0	5	7	0	0	6	0	6	0	167	203	14	11	379	0	30	28	521	11	0	65	0	0	0
Enhydrobacter sp.	7	19	0	0	0	0	0	108	0	50	0	32	65	0	0	0	0	0	50	0	0	47	0	0	0	0	0	0	0	18
Candidatus Hodgkinia cicadicola	0	0	59	146	8	16	109	84	22	15	0	60	28	5	6	21	13	38	33	10	24	31	9	11	71	0	9	0	0	30
Azospirillum baldaniorum	0	0	35	0	0	26	178	118	98	0	0	156	0	0	0	220	253	0	0	0	0	80	117	0	13	0	0	0	0	13
Sphingomonas sp. LK11	0	17	0	0	0	0	0	391	0	30	0	0	0	0	0	16	0	0	65	0	750	323	0	0	50	0	0	0	0	0
Sphingomonas paucimobilis	0	0	0	0	0	0	176	0	53	21	0	38	214	0	0	15	43	32	103	0	37	58	818	33	0	24	109	0	0	89
Taylorella equigenitalis	0	49	31	241	0	147	302	464	0	0	0	6	0	0	0	315	326	75	614	0	204	211	327	0	63	0	0	0	0	19
Aquincola tertiaricarbonis	0	8	0	0	53	10	38	42	35	0	25	17	0	11	0	0	0	0	24	0	0	393	29	34	16	25	112	79	23	94
Burkholderia thailandensis	0	1661	845	0	0	479	5661	3474	0	0	0	4044	0	0	0	0	4063	1676	4855	0	3406	3673	3584	14693	0	0	0	0	0	1561
Candidatus Ichthyocystis hellenicum	0	12	0	50	0	0	0	20	57	0	0	97	0	5	0	188	189	14	35	44	46	69	0	1062	0	0	28	7	0	51
Tepidimonas taiwanensis	152	105	13	0	0	1834	26	40	281	0	0	130	304	0	0	67	96	0	211	0	1422	6160	783	489	1000	134	0	37	80	20
Neisseria meningitidis	0	70	0	75	0	24	29	625	27	187	19	362	0	0	0	6718	82	90	2075	124	85	974	126	3082	0	100	0	0	42	183
Prevotella sp. Rep29	0	0	29	0	0	0	384	0	37	0	0	522	0	0	0	44	1207	0	21	27	759	0	256	7	0	0	29	0	0	38
Prevotella sp. oral taxon 475	0	0	60	14	7	0	1550	21	204	8	33	2075	37	0	0	142	4785	10	118	179	4459	23	1793	13	0	8	48	0	23	146
Prevotella sp. E13-17	0	0	0	0	0	0	103	0	23	0	0	62	25	0	0	84	109	0	33	0	170	0	44	0	0	0	24	0	0	0
Hoylesella enoeca	10	12	76	0	0	0	480	17	139	0	0	1233	132	13	0	83	2202	0	1073	22	1642	0	416	0	0	52	154	0	0	123
Pseudoprevotella muciniphila	10	11	22	0	0	17	437	36	184	0	25	404	0	0	0	20	915	0	31	59	1477	16	371	0	0	24	20	0	17	103
Paraprevotella xylaniphila	0	0	6	0	0	0	439	10	29	0	0	374	0	0	0	36	746	0	6	62	1230	0	531	0	0	0	26	0	0	28
Salinivirga cyanobacteriivorans	0	0	14	0	0	0	186	0	207	0	17	352	236	0	0	391	420	0	641	35	515	0	160	0	0	0	0	0	0	8
Pseudocnuella soli	0	0	0	11	0	0	36	80	20	0	0	0	125	0	0	0	0	0	131	0	45	4214	0	0	0	19	0	0	38	0
Flavisolibacter ginsenosidimutans	0	0	0	15	0	0	0	12	0	0	0	14	0	20	0	62	0	0	30	0	323	329	0	0	0	0	0	0	0	21
Leptospira kobayashii	0	16	0	11	0	53	20	0	0	0	14	27	0	0	0	113	0	251	46	36	53	142	18	70	0	0	21	0	0	53
Helicobacter pylori	6	9	16	0	11	15	2089	2528	29	2445	0	77	6798	22	0	28	22	22	1872	0	0	97	1024	9	84	0	0	0	0	333
Fusobacterium polymorphum	0	0	416	0	0	175	4667	260	2210	170	0	193	1546	0	0	43	2635	57	2085	5633	9376	264	0	204	0	0	0	0	0	215
Fusobacterium canifelinum	0	0	5	0	357	0	0	0	653	162	0	0	1044	0	0	0	976	0	21	967	4500	0	0	0	0	0	256	0	0	0
Fusobacterium vincentii	0	194	17	0	0	12	477	165	864	839	0	119	2086	0	0	0	982	7	210	1086	6326	8	0	21	0	0	0	0	0	8
Granulicella sp. WH15	0	0	0	0	0	0	369	8	108	0	0	212	141	0	0	248	154	0	224	15	221	39	68	0	0	0	0	0	0	0
Luteitalea pratensis	0	29	8	5	8	38	256	46	124	0	0	112	0	0	0	72	126	12	0	0	243	59	107	46	13	0	19	0	0	40
Aspergillus puulaauensis	21	55	0	10	0	44	107	105	23	127	83	59	26	42	0	0	0	15	3846	20	595	1333	536	58	101	13	114	0	48	275
Plasmodium relictum	203	47	0	0	0	69	32	152	5	154	0	100	42	17	0	1700	22	0	605	0	198	623	79	46	0	22	0	0	25	108
Toxoplasma gondii	142	138	0	9	0	91	168	184	0	34	0	152	54	0	0	391	18	0	491	8	412	220	125	23	22	0	0	24	0	0
Methylobacterium brachiatum	36	0	0	0	0	0	0	57	16	55	0	0	234	0	0	0	0	0	61	18	8	134	0	0	165	0	0	0	0	0
Sphingomonas sp. CL5.1	0	0	0	0	0	73	0	248	0	18	0	0	0	0	0	0	0	0	69	0	1029	183	317	0	29	0	97	0	0	0
Comamonas terrigena	21	29	7	15	0	52	17	58	0	23	57	15	0	0	0	0	0	0	84	64	0	488	96	0	150	8	0	0	25	17
Pseudoduganella armeniaca	0	0	0	0	0	0	0	127	0	0	0	0	0	0	0	0	0	0	0	0	0	588	36	0	0	0	0	0	0	0
Telluria mixta	0	0	0	0	0	0	0	0	0	0	0	0	0	0	0	0	0	0	2656	0	229	206	310	0	0	0	0	0	0	28
Piscinibacter sp. XHJ-5	0	0	0	0	0	37	45	0	0	0	0	0	0	0	0	0	0	0	95	0	0	251	27	0	0	9	0	0	0	0
Nocardioides sambongensis	0	0	0	0	0	0	2474	0	0	0	0	38	0	0	0	111	81	0	67	0	425	0	0	0	0	0	0	8	17	53
Micrococcus sp. SL257	0	0	0	0	0	0	0	0	0	0	0	0	0	0	0	0	0	0	0	0	0	1157	0	235	0	0	0	0	0	0
Corynebacterium jeddahense	0	9	0	7	0	19	114	427	20	0	7	103	56	8	0	155	20	7	49	0	125	50	340	803	5	91	20	14	18	118
Corynebacterium atypicum	0	0	0	6	0	0	1160	19	261	85	0	47	129	16	0	349	455	22	222	0	2377	46	0	29	10	7	0	0	0	2279
Rhodococcus qingshengii	0	0	0	0	0	0	129	3728	58	0	0	76	92	0	0	50	0	0	76	0	451	331	56	125	0	0	0	0	0	83
Staphylococcus pettenkoferi	9	5	71	112	0	28	114	34	39	0	0	12	0	5	5	27	10	5	66	0	41	381	17	12	26	20	17	0	79	107
Caproicibacterium amylolyticum	0	0	10	0	0	0	56	14	85	0	0	250	69	0	0	140	654	0	135	39	0	26	51	0	0	0	0	0	0	0
Veillonella dispar	0	0	0	0	0	0	939	0	66	0	0	125	0	0	0	0	0	119	0	139	1228	84	0	0	0	0	0	0	0	94
Selenomonas ruminantium	0	0	8	0	0	0	127	0	207	0	0	17	0	0	0	435	146	0	16	0	82	9	134	9	0	0	0	0	0	402
Phascolarctobacterium faecium	0	0	37	0	0	0	1158	0	1039	0	33	846	820	19	0	577	1013	0	826	101	1576	67	279	0	0	0	32	0	0	72
Leptolyngbya sp. BL0902	20	0	0	11	0	11	10	250	0	0	14	0	0	0	0	0	0	0	19	0	5019	444	14	0	0	0	0	0	0	9
Phocaeicola coprophilus	0	0	0	0	0	0	374	54	14	0	0	121	0	0	0	0	0	0	9	51	67	0	178	0	48	16	0	43	0	62
Hymenobacter sublimis	0	0	0	0	0	0	0	100	0	0	0	0	0	0	0	0	0	0	0	0	0	606	0	0	0	0	0	0	0	149
Fusobacterium pseudoperiodonticum	58	41	12	0	0	0	47	10	52	34	0	7	63	0	0	0	130	6	10	92	736	333	22	0	12	10	23	0	16	38
Leptotrichia sp. oral taxon 212	16	33	55	11	58	15	0	115	14	12	6	138	0	0	0	10	0	0	38	0	120	36	51	0	72	26	0	0	7	67
Gemmata obscuriglobus	0	22	0	9	0	0	0	0	65	192	0	45	0	0	0	0	0	0	66	0	661	94	37	0	16	0	0	9	0	40
Luteitalea sp. TBR-22	0	0	0	0	0	0	0	0	0	0	0	0	0	61	0	71	0	0	153	0	0	356	212	0	0	0	0	20	0	0
Schaalia radingae	0	0	0	86	0	0	23065	22	41	9	0	20	71	0	0	625	1130	0	8	0	1677	13	0	16	7	0	0	26	0	125
Fannyhessea vaginae	0	0	14033	0	0	0	9451	38	103	0	0	86322	0	21	0	360452	1656	8	2704	140	281	88	367	0	10	0	8143	0	0	93
Thermophilibacter immobilis	0	0	19	0	0	0	41	0	80	0	0	215	0	0	0	92	602	0	497	0	0	0	185	0	0	0	0	0	0	27
Aerococcus viridans	57	157	0	14	0	0	789	0	0	0	120	0	0	0	0	0	0	0	0	53	0	87	0	0	0	0	195	139	0	0
Veillonella atypica	83	0	0	5	0	0	31	55	5621	0	1203	7065	31035	418	29	14746	2656	2774	1277	22393	1588	64246	55	463	0	835	1205	0	58	3444
Megasphaera stantonii	0	0	123	0	0	0	849	0	1088	15	8	293	183	147	0	6207	882	0	3721	114	532	2039	1564	66	0	200	37	0	0	1953
Acutalibacter muris	0	0	132	0	0	0	471	6	786	0	20	682	531	9	0	934	2556	5	1332	186	939	0	760	0	0	0	34	0	0	0
Pseudoclostridium thermosuccinogenes	0	0	35	0	0	0	2639	0	0	0	0	888	0	0	0	5	651	0	0	0	0	52	104	0	0	0	0	0	0	68
Lachnospira eligens	0	0	0	0	0	0	35	189	5	0	0	812	0	11	0	34	0	0	84	0	169	310	51	5	0	6	0	0	0	5
Butyrivibrio crossotus	0	0	10	0	0	0	617	0	9	0	39	528	0	0	0	138	211	0	77	228	91	0	76	0	0	0	0	0	0	0
Filifactor alocis	7	109	0	0	0	24	396	12	0	0	11	15	0	0	0	33	229	0	18	14	999	36	38	12	15	23	28	0	0	244
Oscillatoria acuminata	0	0	0	0	0	0	90	29	57	0	0	11	116	0	0	7	113	0	9	0	54	53	12	0	0	0	0	0	0	49
Pseudomonas sp. FP215	0	38	0	292	0	0	0	0	0	0	0	0	113	0	0	0	0	0	0	0	262	0	0	0	46	0	0	0	0	0
Sphingomonas profundi	0	21	0	0	0	0	0	85	0	0	0	0	491	0	0	0	0	0	1055	0	184	76	0	21	0	10	0	0	0	0
Brevundimonas sp. Bb-A	0	60	0	0	0	0	0	373	90	0	25	689	0	0	0	0	32	0	373	0	721	98	0	36	10	0	0	53	0	0
Hydrogenophaga sp. PBC	49	10	0	0	0	113	0	53	0	0	0	0	0	0	0	0	0	0	0	0	0	366	44	0	94	15	0	0	0	14
uncultured Hydrogenophaga sp.	12	0	0	0	0	18	0	37	0	0	0	0	0	0	0	0	0	0	0	0	0	139	26	0	65	9	0	39	0	12
Rugamonas sp. DEMB1	0	30	0	0	0	0	0	0	0	0	0	21	0	0	0	56	59	0	179	49	14	0	24	212	0	0	0	0	0	29
Cupriavidus taiwanensis	24	26	0	0	0	0	20	60	0	0	10	333	0	13	0	700	190	0	0	0	145	137	17	37	0	0	0	0	0	72
Sutterella wadsworthensis	0	0	0	33	0	0	51	10	190	19	16	656	16	15	0	1256	622	18	68	108	0	0	10	1360	0	0	67	0	10	352
Bacteroides xylanisolvens	0	0	62	0	0	0	366	0	234	0	0	141	0	0	0	52	121	0	95	0	0	0	92	0	0	0	0	0	0	45
Empedobacter brevis	0	0	0	0	0	0	0	46	7	0	70	60	0	22	0	0	18	18	0	23	73	192	15	0	0	0	0	0	0	0
Aspergillus fumigatus	0	11	0	0	0	18	0	0	10	333	0	42	96	0	0	0	0	0	429	86	143	0	284	0	169	0	0	64	0	90
Scheffersomyces stipitis	10	23	0	20	0	0	88	166	0	0	39	93	0	0	0	0	0	5	91	0	20	151	261	0	0	14	0	5	11	0
Lactobacillus sp. ESL0684	886	1738	263	115	85	112	1549	198	0	0	0	207	0	0	0	275	0	227	101	39	445	141	124	31	173	0	58	0	0	77
Lactobacillus sp. ESL0681	0	0	0	0	0	36	4576	473	125	0	0	7696	0	0	0	231	1335	0	0	21	0	0	0	0	0	0	0	0	0	67
Exiguobacterium sp. U13-1	0	0	0	122	0	0	0	0	48	0	0	0	0	0	0	1033	296	49	553	0	0	0	0	2028	0	0	132	0	0	0
Veillonella rodentium	0	0	17	0	0	0	46	0	3094	0	0	42	34177	218	24	12195	2118	9	1372	333	618	6552	640	225	0	617	1393	0	0	2660
Megasphaera elsdenii	0	0	120	0	0	0	614	0	1371	0	39	53	376	69	0	5437	591	0	1338	0	219	843	1833	101	0	103	0	0	0	409
Pelosinus sp. UFO1	0	0	0	0	0	0	201	0	923	0	0	0	1578	88	0	3357	504	0	280	31	476	1881	11	0	0	241	136	0	0	726
Corynebacterium segmentosum	0	0	0	0	0	0	0	424	0	695	0	0	0	0	0	0	0	0	0	0	0	0	0	104	0	0	0	0	0	0
Pseudonocardia sp. EC080619-01	0	0	182	0	0	247	3737	0	0	0	0	0	0	0	0	0	207	0	0	0	0	0	276	110	106	0	0	0	105	176
Olsenella sp. oral taxon 807	0	5	0	0	0	0	79	0	33	0	0	147	0	0	0	123	483	0	426	10	84	0	107	0	0	0	0	8	0	6
Mycoplasmopsis cynos	0	0	0	153	0	0	11	9	65	0	0	0	0	18	0	626	420	78	26	199	0	36	26	2092	0	0	194	0	0	13
Buchnera aphidicola	8	11	12	161	0	6	54	76	23	16	0	43	96	12	0	572	502	45	99	86	93	117	35	1963	0	12	145	0	9	22
Cellvibrio sp. PSBB006	0	0	0	40	0	0	0	33	34	0	9	31	0	21	0	184	243	14	27	107	0	437	0	923	0	15	6	0	12	20
Cellvibrio sp. KY-GH-1	0	0	64	0	0	158	22	114	0	0	0	0	0	48	0	0	0	28	0	0	0	0	0	0	29	0	0	0	0	0
Shewanella xiamenensis	20	0	0	0	0	0	7	0	0	23	0	0	0	0	0	0	0	0	79	0	0	0	0	0	0	0	0	0	0	47
Neisseria arctica	0	0	0	480	0	0	11	0	18	0	0	0	0	16	0	405	0	55	84	313	0	26	23	3147	0	0	124	0	0	0
Simonsiella muelleri	0	18	0	91	0	0	0	7	24	7	0	23	0	0	0	218	994	43	48	367	0	0	18	2224	0	0	18	0	0	21
Aquella oligotrophica	0	0	8	14	0	0	14	0	39	0	7	170	0	5	0	117	233	23	6	217	0	0	0	1180	5	0	0	0	0	159
Kingella potus	0	10	23	33	0	0	125	43	0	0	0	68	0	0	0	0	82	50	16	37	10	0	11	0	0	0	0	36	0	0
Chitinimonas koreensis	0	9	0	238	0	0	0	15	111	0	18	0	0	0	0	0	0	36	65	400	0	0	31	4287	0	0	0	0	0	0
Advenella alkanexedens	0	0	0	82	0	0	0	0	17	0	0	0	0	0	0	326	876	87	11	0	0	27	17	2326	0	0	33	0	0	0
Bordetella parapertussis	0	0	19	0	0	0	91	42	0	0	0	117	0	0	0	48	116	54	0	0	0	30	0	0	73	0	0	0	0	0
Sulfurimicrobium lacus	0	0	0	167	0	0	0	0	0	0	0	20	0	20	0	139	150	17	54	143	0	0	0	1253	0	8	0	0	0	0
Saccharomycodes ludwigii	0	116	0	0	0	8	35	189	0	0	0	0	0	0	0	0	0	0	45	16	196	0	72	0	13	0	0	25	0	0
Pochonia chlamydosporia	0	18	0	0	0	0	220	241	36	438	19	83	388	12	0	7	9	0	1497	21	319	90	5060	94	73	74	92	625	0	125
Colletotrichum lupini	202	17	0	0	0	0	140	102	134	0	85	136	72	0	0	201	0	0	469	0	340	371	1546	122	989	24	0	25	0	285
Cellulomonas sp. ATA003	39	0	0	11	0	0	30	9	0	0	0	161	0	0	0	15	0	0	255	0	191	29	0	0	25	0	15	0	0	49
Corynebacterium canis	0	7	0	0	0	12	301	195	78	22	6	0	0	0	0	89	135	12	34	0	839	421	5	720	0	6	0	0	0	491
Limnobacter sp. SAORIC-580	13	0	22	0	0	0	15	218	20	0	5	50	62	30	0	0	0	0	26	0	111	1289	7	0	0	0	0	0	0	46
Prevotella jejuni	0	0	21	0	0	0	295	29	189	29	15	228	533	0	0	238	973	0	106	36	735	8	159	0	0	0	41	0	0	140
Hymenobacter swuensis	0	0	0	0	0	0	18	70	0	0	0	0	0	0	0	0	0	0	12	0	123	115	0	437	7	0	0	179	0	0
Fusobacterium nucleatum	0	0	24	0	0	0	71	0	353	787	0	0	1200	0	0	17	1925	6	254	638	4284	0	164	9	0	40	149	55	13	36
Fusarium venenatum	0	77	44	0	0	47	2145	574	63	1043	272	183	0	0	0	82	0	0	1089	98	637	3465	3543	62	130	59	0	149	0	295
Candida orthopsilosis	0	0	0	0	0	0	114	21	0	0	0	0	0	0	0	0	0	0	95	0	0	0	174	0	29	12	23	0	27	178
Schizosaccharomyces osmophilus	0	48	0	0	0	15	299	226	0	301	52	437	89	25	0	0	10	0	732	0	499	163	1136	34	19	0	0	68	0	71
Halalkalicoccus jeotgali	7	0	0	0	0	0	0	29	0	0	0	11	0	0	0	0	0	0	0	0	116	76	130	10	10	13	6	0	9	0
Staphylococcus sp. NRL 22/194	0	0	0	0	0	0	0	0	0	0	0	0	92	0	0	0	0	69	72	0	0	0	0	96	0	0	0	0	0	0
Paenibacillus sp. YPG26	0	0	11	0	0	0	69	0	242	0	0	216	162	0	0	437	422	0	457	46	231	0	194	0	0	0	0	0	0	0
Dialister massiliensis	0	0	0	0	0	0	27597	33	14244	35	0	25499	16680	0	0	13450	42743	0	7729	2462	35056	1359	6266	0	0	0	979	0	0	0
Blautia liquoris	0	0	14	0	0	0	1605	0	60	0	16	1072	0	0	0	56	311	0	114	301	378	0	192	0	0	0	0	0	0	45
Anaerocolumna chitinilytica	0	0	0	0	0	0	432	0	0	0	23	269	0	0	0	0	102	0	44	79	445	18	50	0	0	0	0	0	0	0
Anaeropeptidivorans aminofermentans	0	0	17	0	0	0	261	0	37	14	9	333	0	0	0	22	178	9	42	127	152	10	72	0	0	0	0	0	0	12
Candidatus Formimonas warabiya	0	0	0	0	0	0	544	0	46	0	0	16	1416	0	0	131	218	126	0	0	133	12	0	43	9	0	232	0	0	109
Vaginimicrobium propionicum	0	0	0	0	0	0	15702	40	55	0	0	221	77	0	7	494	375	15	13	0	1848	29	12	29	0	0	0	0	0	0
Microbacterium sediminis	11	62	0	0	0	118	0	120	0	0	0	53	45	0	0	0	0	0	28	0	0	2045	60	70	8	0	0	0	34	0
Corynebacterium aquatimens	9	0	0	0	0	0	150	113	54	96	0	0	141	0	0	18	34	0	0	0	484	27	12	147	11	0	0	0	0	539
Lancefieldella parvula	0	0	44	25	0	0	345	0	71	0	0	596	0	15	0	189	1185	0	1972	70	287	0	176	0	0	0	28	0	0	189
Parafannyhessea umbonata	0	0	75	0	0	0	147	0	28	0	0	493	0	0	0	288	1787	0	2153	23	0	0	232	0	0	0	0	0	0	165
Phoenicibacter congonensis	0	0	20	0	0	0	175	0	64	0	0	135	0	0	0	22	312	0	408	35	94	0	116	11	0	0	64	17	0	7
Leptolyngbya sp. 7M	12	76	0	0	0	33	14	129	30	95	53	320	102	10	0	6	0	6	504	5	2750	2787	28	48	17	19	0	0	0	39
Trichocoleus desertorum	0	0	0	0	0	51	0	9	0	0	0	12	0	0	0	0	191	0	0	0	351	132	38	0	0	0	0	0	0	20
Deinococcus ficus	0	5	14	15	0	0	22	755	0	0	0	15	55	0	0	0	0	65	88	9	0	399	38	19	0	20	0	0	0	55
Enterobacter sp. T2	0	83	0	0	0	0	0	367	0	56	0	58	370	0	22	0	0	0	2736	0	0	0	1275	111	7962	0	0	0	0	380
Candidatus Fukatsuia symbiotica	0	0	0	0	0	0	65	0	184	0	0	167	128	0	0	196	253	0	186	18	264	0	81	0	0	0	21	0	0	0
Comamonas thiooxydans	0	0	21	51	0	0	16	0	0	15	0	32	0	0	0	0	32	33	26	0	0	0	0	0	33	0	0	100	13	102
Hydrogenophaga sp. NH-16	104	39	0	240	10	0	29	452	0	76	132	392	0	26	28	0	0	0	325	52	33	882	121	0	30	49	178	106	0	15
Variovorax sp. PAMC 28711	0	22	0	0	0	0	0	0	0	0	0	71	0	0	159	0	0	0	162	0	0	0	0	0	0	0	0	87	0	0
Massilia sp. MB5	0	0	0	0	0	0	9	0	0	0	0	0	0	0	0	0	0	0	78	0	72	349	175	0	0	0	0	0	0	0
Massilia putida	0	0	0	0	0	0	0	63	0	0	63	30	0	0	0	0	0	0	2779	0	30	571	351	77	10	0	0	0	0	60
Janthinobacterium sp. 17J80-10	0	0	0	0	0	0	0	181	0	0	0	13	0	0	0	0	0	0	286	0	0	991	0	0	0	0	0	0	0	11
Burkholderia mallei	0	0	0	0	0	0	83	153	0	0	0	0	0	0	0	0	312	0	151	0	0	53	0	0	194	0	0	0	0	29
Sutterella faecalis	0	0	34	0	0	0	496	8	288	0	12	1437	0	31	0	4155	1577	0	359	24	78	0	24	44	0	0	0	0	0	404
Pikeienuella piscinae	152	0	10	0	0	0	14	70	0	0	0	20	0	0	6	0	0	0	0	0	0	88	72	0	0	9	0	0	0	0
Pontibrevibacter nitratireducens	0	0	39	0	0	0	0	94	0	0	0	88	0	0	0	0	0	0	138	0	0	89	79	29	0	0	0	0	0	0
Sphingomonas sp. SUN019	0	0	0	0	0	0	0	77	0	17	0	31	0	0	0	0	0	0	150	0	471	79	0	0	14	0	0	0	0	0
Roseomonas fluvialis	38	22	0	0	0	10	0	19	330	0	81	0	5709	0	0	0	0	0	36	0	0	282	21	0	0	0	0	0	0	16
Prevotella veroralis	12	30	22	0	9	0	1615	0	285	0	44	1673	0	9	0	194	8882	0	106	345	8913	0	3055	25	6	11	66	0	7	238
Prevotella ruminicola	0	0	93	0	7	0	3487	0	570	0	36	1352	343	43	0	185	4505	0	6609	249	5149	182	1965	21	0	10	70	0	0	563
Prevotella bryantii	6	10	11	0	0	0	245	10	46	0	0	182	0	0	0	19	574	0	56	29	802	0	166	0	0	0	48	0	0	18
Bacteroides salyersiae	0	0	0	0	0	0	510	0	53	0	0	206	0	11	0	34	862	0	16	83	1552	0	310	19	0	0	40	0	0	8
Campylobacter jejuni	0	0	0	0	0	0	27946	91	2092	0	0	2602	0	0	0	16164	8237	0	56355	1048	40248	31728	11755	0	0	3374	0	0	0	755
Colletotrichum higginsianum	13	75	0	0	0	24	90	239	28	39	111	247	247	19	0	0	23	0	2900	0	0	1075	657	53	0	0	104	0	28	92
Talaromyces rugulosus	0	37	0	0	0	19	28	43	0	0	0	58	0	0	0	17	0	0	259	0	0	0	125	0	62	0	0	0	0	49
Talaromyces marneffei	13	16	0	0	0	0	76	81	0	0	31	35	0	0	0	0	0	48	216	0	0	404	137	26	47	0	0	0	0	13
Babesia bovis	0	0	0	24	0	26	58	178	23	530	181	1255	0	0	0	0	8	0	50	0	94	194	75	0	0	0	0	0	11	0
Sellimonas intestinalis	10	0	7	0	0	0	614	0	15	0	15	382	0	0	0	48	171	0	74	101	347	0	77	0	0	0	718	0	0	85
Wansuia hejianensis	0	0	0	0	0	0	665	0	27	0	17	449	0	0	0	45	317	0	157	171	142	0	195	0	0	0	0	0	0	75
Corynebacterium sanguinis	0	0	0	0	0	0	24	236	18	0	0	11	0	0	0	0	0	0	14	0	1917	0	0	0	0	0	0	176	0	134
Olsenella uli	0	0	21	0	0	0	104	0	29	0	0	144	0	0	0	123	426	0	606	41	25	0	133	6	0	0	0	0	0	44
Deinococcus metallilatus	0	0	0	0	0	0	34	50	0	0	0	0	0	0	0	0	0	381	110	0	872	13	103	0	0	0	39	0	0	0
Truepera radiovictrix	8	6	0	0	0	6	24	329	0	194	0	9	0	0	0	0	11	17	31	0	6	606	7	79	0	0	0	0	0	43
Pseudomonas sp. S150	0	0	71	0	0	0	0	647	0	0	0	1377	0	0	0	0	205	0	13527	0	1487	1213	2276	0	0	0	0	0	0	0
Rhizobium sp. BT-175	426	329	0	160	0	304	34	460	58	699	78	1298	0	0	0	140	102	0	435	27	214	234	446	127	0	0	0	0	46	0
Candidatus Liberibacter africanus	462	347	0	204	0	0	78	129	0	127	104	342	134	0	0	9	0	0	35	13	0	87	32	11	0	13	0	11	0	0
Sphingomonas glaciei	91	0	0	0	0	0	0	318	0	39	0	0	0	29	0	0	0	0	233	0	0	137	22	0	7	0	0	70	0	0
Pseudoroseomonas cervicalis	0	0	0	0	0	0	0	35	85	0	0	0	4582	0	0	0	0	0	19	0	334	28	0	0	0	0	0	0	23	38
Nitrosomonas stercoris	0	0	17	0	0	0	23	81	83	0	0	371	0	22	0	0	337	0	0	0	0	58	0	0	135	0	0	0	19	248
Fusobacterium sp. oral taxon 203	0	0	0	0	0	0	0	0	254	100	35	0	116	0	0	0	157	0	0	241	1259	0	36	0	0	0	0	0	0	5
Candida albicans	390	0	0	0	0	0	0	0	0	0	30	0	0	645	0	3073	0	0	22	0	0	0	19	0	0	0	0	0	0	42
Eremothecium sinecaudum	36	0	0	0	0	0	87	123	0	37	0	138	27	0	0	0	0	0	0	0	81	103	217	0	0	0	0	0	16	0
Megasphaera massiliensis	9	0	0	0	0	0	29	0	0	0	0	0	0	0	0	270	54	0	0	8	0	57	1257	0	0	0	0	0	0	0
Phascolarctobacterium sp. Marseille-Q4147	0	0	0	0	0	0	89	0	25	0	0	258	0	0	0	191	262	0	109	75	0	0	164	0	0	0	0	0	0	0
Qiania dongpingensis	0	0	14	0	0	7	725	12	42	0	75	825	0	0	0	115	428	0	260	456	399	0	292	0	0	0	0	0	0	7
Anaerocolumna cellulosilytica	0	0	6	0	0	0	440	0	23	0	30	451	0	0	0	35	287	0	235	149	181	0	144	0	0	0	0	0	0	38
Chordicoccus furentiruminis	6	0	0	0	0	0	517	20	19	0	19	319	0	0	0	60	159	0	230	142	313	0	87	0	0	0	0	0	0	32
Clostridium sp. SY8519	0	0	26	0	0	0	505	0	24	9	12	315	0	0	0	52	211	0	21	95	278	0	58	0	0	6	0	0	0	13
Caloramator sp. E03	0	0	0	0	0	0	1198	0	38	0	25	536	0	0	0	118	345	0	249	232	349	0	224	0	0	0	0	0	0	59
Eubacterium ventriosum	0	0	133	0	0	0	2311	14	661	0	123	1726	0	0	0	961	2015	0	1002	623	1309	0	889	0	0	0	0	0	0	79
Actinotignum schaalii	0	0	0	0	0	0	85448	0	65	0	0	14504	0	0	0	1549	705	0	13042	5	14667	118	0	16	0	12	21	0	0	242
Veillonella nakazawae	0	66	0	0	0	0	489	99	0	0	0	96	0	0	0	188	0	132	0	108	0	148	0	0	0	0	0	0	0	254
Eikenella corrodens	0	0	0	0	0	0	0	69	0	0	0	0	0	0	0	0	0	0	0	521	11	17	0	0	0	0	0	0	0	0
Sphingosinithalassobacter tenebrarum	0	0	0	0	0	0	0	112	0	0	0	0	509	0	0	0	0	0	2407	0	0	0	52	0	0	0	78	0	0	0
Megamonas hypermegale	0	0	0	0	0	0	17	0	329	0	0	0	2508	0	0	586	331	0	85	0	19	110	0	0	0	18	118	0	0	21
Schaalia turicensis	0	0	306	0	0	0	470	0	12	0	250	1504	1126	0	0	31	4692	246	4936	0	33	0	0	8	0	0	0	0	0	0
